 16.5946        0  37.6323   29.723
 44.5732  3.07628  50.4354  26.9216
 119.448  8.60878  97.0828  11.9966
 101.862  18.4485   144.38  18.7897
 370.577  16.6965  344.531  23.7045
 123.147   20.975  101.823  22.2867
 166.615   24.625  148.534   32.424
 93.0235  28.9197  120.575    27.28
 291.874  26.8599  306.898  26.0555
 76.4359  34.0148  94.9456  28.9676
 120.651  29.1998  139.354  32.0174
 271.855  29.0966  289.352  27.8109
 251.904  33.2612  268.217  29.8124
 251.942  47.2317   341.81  30.2808
 120.516  30.9387  84.1766  35.1713
 60.4011  38.4297  78.3731  34.1726
 140.695  34.9061   121.76  33.0492
 38.8817  32.7133  54.1367  60.7546
 84.0741  36.7707  65.6768   40.858
 241.913  49.5924  197.166  57.3129
 197.276  59.0092  299.212  170.773
  200.37  84.6342    196.6  62.7419
 53.8031  68.7023  42.1207  78.6343
 62.5064  75.5621  18.5566  98.9365
 40.8364  80.5216  20.7408  77.3834
  28.341  98.5577   63.351  81.0776
 68.1761   89.519  90.5246   81.592
 63.1729  85.7307  41.7806  95.4165
 87.0629  86.1802  68.3424  92.5172
 222.935  226.906  200.203  85.4918
 203.573  86.8018  211.131  133.042
 198.181  88.3666  171.902  94.4893
 18.1838  97.1196 0.661697  97.8084
  4.4595  101.552  28.1268  99.3951
 211.438  135.696   216.89  169.373
 475.806  181.124  541.963  157.118
 546.976  156.532  491.441  342.622
 327.435  196.339  294.398  161.853
  521.54  229.275  539.347  169.367
 299.741  171.533  333.537  207.741
 393.301  209.882   448.19  190.813
 350.221  221.011   329.46  199.294
  335.84   210.41  347.712  222.288
 349.495  224.738   389.64  211.423
 511.677  261.815  519.634  235.704
 227.424  259.481  224.759  241.817
 341.248  413.074  232.479  242.739
 496.543  313.028  500.869  298.196
 491.751  342.876  341.692  417.752
