	0 1.42232e-316            0 6.95275e-310            0 6.92374e-310            0
          1    -2.22874 0.000775975    -2.00997     -2.5508      0.9872      1.1019
       2 -2.17638 0.105496 -2.00997  -2.5508   0.9872   1.1019
          3    -2.22874 0.000775975    -2.00997     -2.5508      0.9872      1.1019
          4    -2.22874 0.000775975    -2.00997     -2.5508      0.9872      1.1019
          5    -2.33346 0.000775975    -2.00997     -2.5508      0.9872      1.1019
         6    -2.2811 -0.0515839   -2.00997    -2.5508     0.9872     1.1019
        7  -2.22874 -0.103944  -2.00997   -2.5508    0.9872    1.1019
        8  -2.33346 -0.103944  -2.00997   -2.5508    0.9872    1.1019
         9    -2.2811 -0.0515839   -2.00997    -2.5508     0.9872     1.1019
        10   -2.22874 -0.0515839   -2.00997    -2.5508     0.9872     1.1019
        11   -2.33346 -0.0515839   -2.00997    -2.5508     0.9872     1.1019
        12   -2.17638 -0.0515839   -2.00997    -2.5508     0.9872     1.1019
       13  -2.22874 -0.103944  -2.00997   -2.5508    0.9872    1.1019
         14    -2.38582 0.000775975    -2.00997     -2.5508      0.9872      1.1019
         15    -2.38582 0.000775975    -2.00997     -2.5508      0.9872      1.1019
        16    -2.2811 -0.0515839   -2.00997    -2.5508     0.9872     1.1019
        17   -2.22874 -0.0515839   -2.00997    -2.5508     0.9872     1.1019
       18  -2.33346 -0.103944  -2.00997   -2.5508    0.9872    1.1019
         19    -2.33346 0.000775975    -2.00997     -2.5508      0.9872      1.1019
       24  -2.17638 -0.103944  -2.00997   -2.5508    0.9872    1.1019
         25    -2.17638 0.000775975    -2.00997     -2.5508      0.9872      1.1019
       26  -2.17638 0.0531359  -2.00997   -2.5508    0.9872    1.1019
         27    -2.22874 0.000775975    -2.00997     -2.5508      0.9872      1.1019
         28    -2.22874 0.000775975    -2.00997     -2.5508      0.9872      1.1019
         29    -2.17638 0.000775975    -2.00997     -2.5508      0.9872      1.1019
       30  -2.22874 0.0531359  -2.00997   -2.5508    0.9872    1.1019
       31  -2.17638 0.0531359  -2.00997   -2.5508    0.9872    1.1019
       32  -2.33346 0.0531359  -2.00997   -2.5508    0.9872    1.1019
       34  -2.22874 0.0531359  -2.00997   -2.5508    0.9872    1.1019
         36    -2.17638 0.000775975    -2.00997     -2.5508      0.9872      1.1019
         37    -2.22874 0.000775975    -2.00997     -2.5508      0.9872      1.1019
         38    -2.22874 0.000775975    -2.00997     -2.5508      0.9872      1.1019
       39  -2.17638 0.0531359  -2.00997   -2.5508    0.9872    1.1019
       40   -2.2811 0.0531359  -2.00997   -2.5508    0.9872    1.1019
         41     -2.2811 0.000775975    -2.00997     -2.5508      0.9872      1.1019
      42 -2.33346 0.105496 -2.00997  -2.5508   0.9872   1.1019
        43   -2.17638 -0.0515839   -2.00997    -2.5508     0.9872     1.1019
       44  -2.22874 0.0531359  -2.00997   -2.5508    0.9872    1.1019
         45    -2.38582 0.000775975    -2.00997     -2.5508      0.9872      1.1019
       46  -2.38582 0.0531359  -2.00997   -2.5508    0.9872    1.1019
        47   -2.38582 -0.0515839   -2.00997    -2.5508     0.9872     1.1019
       48  -2.38582 0.0531359  -2.00997   -2.5508    0.9872    1.1019
        49   -2.33346 -0.0515839   -2.00997    -2.5508     0.9872     1.1019
         50    -2.33346 0.000775975    -2.00997     -2.5508      0.9872      1.1019
        51   -2.38582 -0.0515839   -2.00997    -2.5508     0.9872     1.1019
         52    -2.33346 0.000775975    -2.00997     -2.5508      0.9872      1.1019
         54    -2.33346 0.000775975    -2.00997     -2.5508      0.9872      1.1019
       55  -2.38582 0.0531359  -2.00997   -2.5508    0.9872    1.1019
       56  -2.38582 0.0531359  -2.00997   -2.5508    0.9872    1.1019
         57    -2.38582 0.000775975    -2.00997     -2.5508      0.9872      1.1019
