        0  -1.42494   0.41679  0.259904  -3.21425  0.431456  0.328831  0.259904 0.0411522
        1  -1.48774  0.428017  0.305193  -3.10953  0.395422  0.224319  0.305193 0.0880608
       2 -1.29889 0.395254 0.284134 -3.31897 0.470098 0.325516 0.284134 0.270096
       3 -1.46308 0.353447 0.266626 -4.36617 0.236826 0.458999 0.266626 0.173489
       4 -1.38668 0.290329 0.275237 -4.26145  0.26513 0.459484 0.275237 0.125065
       5  -1.7877 0.511866 0.287007 -3.94729 0.177215 0.335357 0.287007 0.128273
        6  -1.66477  0.345866  0.267186  -3.94729  0.258456  0.422631  0.267186 0.0356909
        7  -1.51022  0.341197  0.293926  -3.63313  0.265265  0.463052  0.293926 0.0229465
       8 -1.61228 0.421457 0.268558 -3.31897 0.219427 0.392867 0.268558 0.107597
       9 -1.50978 0.326165 0.275856 -3.42369 0.215205 0.367154 0.275856 0.122893
        10   -1.43265   0.260415   0.288557   -3.31897    0.21474   0.428173   0.288557 0.00939474
      11 -1.63068 0.315901 0.253282 -3.31897 0.218757 0.359992 0.253282 0.139339
       12    -1.161  0.152974  0.303697  -2.90009  0.261043  0.505431  0.303697 0.0924668
       13  -1.44214  0.219662  0.290531  -2.90009  0.263615  0.373893  0.290531 0.0605778
      14 -1.55498 0.304103 0.163904 -4.36617 0.478456 0.243361 0.163904 0.150267
      15 -1.61744 0.209753 0.141064 -4.26145 0.475186 0.269734 0.141064 0.140473
      16 -1.57134 0.226074 0.253288 -4.15673 0.257149 0.254645 0.253288 0.149036
      17 -1.48076 0.159251 0.276529 -3.94729 0.249445  0.26581 0.276529 0.156794
      18 -1.73848 0.418556 0.302373 -3.73785  0.11274 0.215746 0.302373  0.15974
       19  -1.74348  0.386241  0.282961  -3.52841  0.187967  0.212116  0.282961 0.0940708
      24  -1.0682  0.28827 0.300671 -3.10953 0.519554 0.284674 0.300671 0.214564
       25  -1.14303  0.409954  0.290816  -3.00481  0.454157  0.236016  0.290816 0.0257447
      26 -1.19011 0.395486 0.300305 -2.90009 0.402268 0.241704 0.300305 0.135756
       27  -1.15376  0.348383  0.265626  -4.36617   0.25915  0.401389  0.265626 0.0390588
       28  -1.21364  0.435695  0.294254  -4.26145  0.209604  0.398801  0.294254 0.0360182
       29 -0.968917  0.400024  0.291614  -4.15673  0.247788  0.485941  0.291614  0.065778
       30  -1.18379  0.419172  0.268064  -4.05201  0.214574  0.392591  0.268064 0.0160393
      31 -1.15123 0.374916 0.282736 -3.84257 0.220404 0.412553 0.282736 0.193054
      32 -1.43248 0.564579 0.190433 -3.84257 0.190359 0.376579 0.190433 0.250696
       34  -1.26733  0.371326  0.290128  -3.63313  0.230212  0.440182  0.290128 0.0228649
       36  -1.22985  0.352255  0.286901  -3.42369  0.299791  0.439809  0.286901 0.0714337
      37 -1.40091 0.369762 0.270435 -3.21425 0.230108 0.436409 0.270435 0.025018
       38  -1.40682  0.337308  0.290025  -3.10953  0.228445  0.417382  0.290025 0.0475235
       39 -0.999394   0.29446  0.251198  -3.00481   0.47156  0.484287  0.251198 0.0489613
       40  -1.36512  0.295541  0.261859  -3.00481  0.285178  0.430891  0.261859 0.0529145
      41 -1.50327  0.46495 0.284706 -4.36617 0.368097 0.258374 0.284706 0.147604
      42 -1.44261 0.657301 0.287399 -3.10953 0.201434  0.38197 0.287399 0.136103
      43 -1.38038  0.35843 0.320892 -4.05201 0.435478 0.246148 0.320892 0.149202
       44  -1.36578  0.220995  0.264807  -4.26145  0.471667  0.285593  0.264807 0.0544172
      45 -1.73472 0.343891 0.185572 -4.15673 0.412892 0.254661 0.185572 0.100344
      46 -1.63833 0.512126 0.222195 -4.15673 0.400298 0.209383 0.222195 0.325776
       47  -1.37306  0.415808   0.15098  -3.84257   0.49381  0.300757   0.15098 0.0160395
      48 -1.65108 0.549838 0.242556 -3.94729 0.267177 0.190218 0.242556 0.020325
      49 -1.31378 0.423601 0.185604 -3.73785 0.463991 0.256538 0.185604 0.204239
       50  -1.38465  0.489076  0.218679  -3.73785  0.349976  0.257897  0.218679 0.0734736
       51  -1.70805  0.582954  0.264302  -3.63313  0.236756  0.180249  0.264302 0.0905502
        52   -1.54755   0.535465   0.245015   -3.52841   0.317651    0.19416   0.245015 0.00789669
      54 -1.35998 0.503465 0.220775 -3.31897 0.367498 0.194477 0.220775 0.014432
       55  -1.60611  0.599148  0.230402  -3.21425   0.35142  0.198249  0.230402 0.0296361
       56  -1.70904  0.593689  0.261426  -3.10953  0.290964  0.158534  0.261426 0.0545999
      57 -1.62872  0.58741 0.262592 -3.21425  0.33917 0.186503 0.262592 0.109589
