       0 -1.48992 0.436413 0.281695  3.08234 0.396318 0.222742 0.282709        0
       1 -1.50993 0.456413 0.281708  3.10234 0.396318 0.222742 0.272709        0
       2 -1.52996 0.456436 0.281787  3.10232 0.396318 0.222742 0.272709        0
       3 -1.52992 0.456395 0.281667  3.10235 0.396318 0.222742 0.272709        0
       4 -1.52997 0.456484 0.281903   3.1023 0.396318 0.222742 0.272709        0
       5 -1.52996 0.456503 0.281932   3.1023 0.396318 0.222742 0.272709        0
       6 -1.52994 0.456408 0.281708  3.10233 0.396318 0.222742 0.272709        0
       7 -1.52993 0.456483 0.281879  3.10232 0.396318 0.222742 0.272709        0
       8 -1.52993 0.456456 0.281821  3.10232 0.396318 0.222742 0.272709        0
       9 -1.52998 0.456355 0.281579  3.10233 0.396318 0.222742 0.272709        0
      10 -1.52994 0.456415 0.281723  3.10233 0.396318 0.222742 0.272709        0
      11 -1.53001 0.456368 0.281583  3.10232 0.396318 0.222742 0.272709        0
      12 -1.52999 0.456391 0.281626  3.10232 0.396318 0.222742 0.272709        0
      13 -1.53001 0.456391 0.281606  3.10231 0.396318 0.222742 0.272709        0
      14 -1.52999  0.45641 0.281651  3.10231 0.396318 0.222742 0.272709        0
      15 -1.52998 0.456418 0.281679  3.10232 0.396318 0.222742 0.272709        0
      16 -1.52996 0.456421 0.281711  3.10232 0.396318 0.222742 0.272709        0
      17 -1.52987 0.456417  0.28183  3.10236 0.396318 0.222742 0.272709        0
      18 -1.52998 0.456429 0.281687  3.10232 0.396318 0.222742 0.272709        0
      19 -1.52999 0.456433 0.281677  3.10231 0.396318 0.222742 0.272709        0
      20 -1.52992 0.456417 0.281767  3.10233 0.396318 0.222742 0.272709        0
      21 -1.53003  0.45645 0.281594  3.10233 0.396318 0.222742 0.272709        0
      22 -1.52994 0.456423 0.281728  3.10233 0.396318 0.222742 0.272709        0
      23 -1.52994 0.456422 0.281738  3.10233 0.396318 0.222742 0.272709        0
      24 -1.52996 0.456435 0.281703  3.10233 0.396318 0.222742 0.272709        0
      25 -1.52994 0.456422 0.281734  3.10233 0.396318 0.222742 0.272709        0
      26 -1.53003 0.456519 0.281532  3.10235 0.396318 0.222742 0.272709        0
      27 -1.52994 0.456415 0.281749  3.10233 0.396318 0.222742 0.272709        0
      28 -1.52989 0.456344 0.281875  3.10232 0.396318 0.222742 0.272709        0
      29  -1.5299 0.456345 0.281864  3.10232 0.396318 0.222742 0.272709        0
      30 -1.52993   0.4564 0.281769  3.10233 0.396318 0.222742 0.272709        0
      31 -1.52994 0.456427 0.281732  3.10233 0.396318 0.222742 0.272709        0
      32 -1.52994 0.456426  0.28173  3.10233 0.396318 0.222742 0.272709        0
      33 -1.52995 0.456483 0.281645  3.10233 0.396318 0.222742 0.272709        0
      34 -1.52994 0.456427  0.28173  3.10233 0.396318 0.222742 0.272709        0
      35 -1.52994 0.456438 0.281708  3.10233 0.396318 0.222742 0.272709        0
      36 -1.52994 0.456445   0.2817  3.10233 0.396318 0.222742 0.272709        0
      37 -1.52993 0.456444 0.281698  3.10233 0.396318 0.222742 0.272709        0
      38 -1.52991 0.456496 0.281599  3.10232 0.396318 0.222742 0.272709        0
      39  -1.5299 0.456488 0.281608  3.10233 0.396318 0.222742 0.272709        0
      40 -1.52999 0.456333 0.281919  3.10233 0.396318 0.222742 0.272709        0
      41 -1.52993 0.456435 0.281706  3.10233 0.396318 0.222742 0.272709        0
      42 -1.52995 0.456414 0.281754  3.10233 0.396318 0.222742 0.272709        0
      43 -1.52988 0.456476 0.281575  3.10232 0.396318 0.222742 0.272709        0
      44 -1.52987 0.456491 0.281521  3.10233 0.396318 0.222742 0.272709        0
      45  -1.5299 0.456451 0.281621  3.10233 0.396318 0.222742 0.272709        0
      46 -1.52991 0.456437 0.281678  3.10233 0.396318 0.222742 0.272709        0
      47    -1.53 0.456388 0.281866  3.10231 0.396318 0.222742 0.272709        0
      48  -1.5299 0.456439 0.281648  3.10234 0.396318 0.222742 0.272709        0
      49 -1.52986 0.456448 0.281588  3.10236 0.396318 0.222742 0.272709        0
      50 -1.53001   0.4564 0.281877   3.1023 0.396318 0.222742 0.272709        0
      51 -1.52996 0.456418 0.281774  3.10232 0.396318 0.222742 0.272709        0
      52 -1.52986 0.456423 0.281587  3.10237 0.396318 0.222742 0.272709        0
      53 -1.52987 0.456421 0.281611  3.10237 0.396318 0.222742 0.272709        0
      54 -1.52985 0.456416 0.281563  3.10238 0.396318 0.222742 0.272709        0
      55  -1.5299 0.456412 0.281656  3.10236 0.396318 0.222742 0.272709        0
      56 -1.52995 0.456424 0.281761  3.10232 0.396318 0.222742 0.272709        0
      57 -1.52986 0.456394  0.28155  3.10238 0.396318 0.222742 0.272709        0
