        0   -2.5508    0.9872    1.1019 -0.487105  0.767307 -0.351903  0.223902
        1   -2.4691    1.0757    1.0996 -0.445403  0.790805 -0.362702  0.211401
        2   -2.3319    1.1799    1.1107 -0.407696  0.812091 -0.374896  0.183698
        3   -2.1921    1.3039     1.112 -0.354606  0.839914 -0.380206  0.155703
        4   -2.0579     1.405    1.0916 -0.284789  0.870367 -0.382686  0.122095
        5   -1.8585    1.4244    1.0901  -0.20959  0.889759 -0.396282 0.0857961
        6   -1.6681    1.4397    1.0889 -0.166901  0.898107 -0.403603 0.0515004
        7   -1.4768     1.494    1.0823 0.0380987 -0.911869  0.407986 0.0242992
          8     -1.3308      1.5641      1.0771 -0.00579989   -0.910782    0.408492   0.0597988
         9    -1.1279     1.5557     1.0799 -0.0682025  -0.913033   0.395914  0.0705026
       10   -0.9343    1.4993    1.0839 -0.144501 -0.897003  0.403801     0.107
       11   -0.7291    1.4183    1.0731 -0.190407 -0.891231  0.388913  0.134905
       12   -0.6052    1.3015    1.0644 -0.285907 -0.862822   0.37501  0.182105
       13   -0.5046    1.1646    1.0717 -0.317309 -0.849125  0.370911  0.201806
       14    -0.371    1.0006    1.0469 -0.385208 -0.826317  0.335907  0.236605
       15   -0.2798    0.8379     1.041 -0.421806 -0.801011  0.344105  0.249104
       16    -0.244    0.6645     1.037 -0.476703 -0.764205  0.339002  0.271702
       17   -0.2237    0.5276    1.0291 -0.526689 -0.730185  0.331693  0.281794
       18   -0.1652    0.3855     0.992 -0.592807 -0.675508  0.291903  0.327204
       19   -0.1583    0.2306    0.9804 -0.596808 -0.663709  0.304004  0.333005
       20   -0.2461     0.138    0.9661 -0.659196 -0.547497  0.334498  0.392198
       21   -0.2727    0.0571    0.9256 -0.652822 -0.548419   0.30401  0.425015
       22   -0.2643   -0.0883    0.8924 -0.699502 -0.482702  0.291201  0.439201
     23 -0.2652 -0.1506  0.9245 -0.7059 -0.5037  0.2472  0.4323
       24   -0.3045   -0.2513    1.0231 -0.757606 -0.473904  0.194902  0.404303
       25   -0.3214   -0.3483    1.0935 -0.788101 -0.413101     0.205  0.407701
       26    -0.355   -0.5434    1.1132 -0.813732 -0.351914  0.202508  0.415917
       27   -0.4216    -0.632    1.0842 -0.833798 -0.321499    0.1805  0.410899
       28   -0.5709   -0.7039    1.0905 -0.852977 -0.273592  0.148696  0.418889
       29   -0.6784   -0.7764    1.0892 -0.870078 -0.229794  0.113697  0.420989
       30   -0.8697   -0.8985    1.0975 -0.875795 -0.178599  0.110499  0.434598
       31   -1.0402   -0.9193    1.0879 -0.883701   -0.1347 0.0856001  0.440001
        32    -1.2054    -0.9138     1.0942  -0.895902 -0.0775002  0.0593001   0.433401
        33    -1.3841    -0.9139     1.1004  -0.901218 -0.0340007  0.0297006   0.431009
        34    -1.5678    -0.8897       1.09  -0.905602     0.0124 0.00630001   0.423901
        35    -1.7028    -0.7873      1.097  -0.899406  0.0622004 -0.0177001   0.432303
        36    -1.8151    -0.7055     1.0994  -0.898907   0.103201 -0.0413003   0.423803
        37      -1.98    -0.6541     1.1132  -0.891308   0.160001 -0.0670006   0.418904
        38    -2.1474    -0.6164     1.1051  -0.881827   0.214507 -0.0843026   0.411413
        39    -2.2441    -0.5275     1.1066  -0.862424   0.286408 -0.0937027   0.406712
       40   -2.3441   -0.4434    1.1156 -0.867566  0.298588 -0.104696  0.383685
       41   -2.3844   -0.3738    1.1478 -0.836306  0.352902 -0.154001  0.390303
       42   -2.3806   -0.3684    1.1422 -0.823697  0.417399 -0.144399  0.355599
       43   -2.4697   -0.2827    1.1886 -0.814628  0.392813 -0.182706  0.385613
       44   -2.5874   -0.1709    1.1961 -0.826937  0.390818 -0.160107  0.371217
       45   -2.6213   -0.0986    1.2251  -0.80722   0.41791 -0.168604  0.381209
       46   -2.6543   -0.0312    1.2287 -0.781309  0.482806 -0.193102  0.345204
       47   -2.7015    0.0672    1.2179 -0.736682  0.566486 -0.203195  0.308392
       48   -2.7779    0.1718    1.2415 -0.732413   0.55861 -0.227304  0.316006
       49   -2.7911    0.2175    1.2397 -0.703121  0.597618 -0.254508  0.289309
       50   -2.8112    0.3029    1.2555 -0.686182  0.621183 -0.255393  0.279393
       51   -2.8302    0.4497    1.2677 -0.637595  0.660495 -0.286798  0.273798
       52   -2.8575    0.5893    1.2733 -0.620718  0.670719 -0.310409  0.261708
       53   -2.8391    0.6635    1.2827 -0.565314  0.727618 -0.309308  0.235206
       54   -2.8206    0.7592    1.2867 -0.553918  0.742424  -0.30321  0.223707
       55   -2.7594    0.9179    1.3087 -0.503508  0.769612 -0.315605  0.233604
       56   -2.7223    1.0345    1.3228 -0.483498  0.780197 -0.325499  0.227099
       57   -2.7302     1.051    1.3149 -0.480317  0.786728 -0.332012  0.200307
