0 -1.48447 0.408955 0.276446 -3.00479  0.36803 0.296511 0.276446 0
1 -1.58837 0.482426 0.296774 -3.21005 0.319773  0.22799 0.296774 0
2 -1.54584  0.45331 0.279295 -3.20927 0.307977 0.243545 0.279295 0
3 -1.50342 0.387551 0.235681 -4.49299 0.310177  0.37928 0.235681 0
4 -1.49454 0.341068 0.214268 -4.65832 0.321909 0.394908 0.214268 0
5 -1.52373 0.422409 0.242361 -4.72695 0.271237 0.359617 0.242361 0
6 -1.49744 0.400212 0.248309 -4.62549 0.308825 0.388614 0.248309 0
7 -1.52206 0.338752 0.242646 -4.61022   0.4036 0.415182 0.242646 0
8 -1.50407 0.325255  0.23507 1.6681 0.369531 0.406984  0.23507 0
9 -1.50405 0.448311 0.249265 1.44127 0.273712 0.338167 0.249265 0
10 -1.49846  0.45178 0.267319 1.3739 0.239783 0.389666 0.267319 0
11 -1.51171 0.438483 0.245453 1.47473 0.253054 0.374394 0.245453 0
12  -1.5349 0.397003 0.233575 1.46115 0.286975 0.374418 0.233575 0
13 -1.45929 0.451424 0.266321 1.38166 0.258553 0.319941 0.266321 0
14 -1.54353 0.431216 0.223973 1.31978 0.339163  0.37001 0.223973 0
15 -1.56456 0.467815 0.238915 -0.234869 0.422637 0.279537 0.238915 0
16 -1.54216 0.445856 0.239467 -0.164933 0.323806 0.240118 0.239467 0
17  -1.5767 0.460925 0.216856 -0.0754537  0.34347  0.24932 0.216856 0
18 -1.37663 0.477876 0.251618 -0.0735839 0.251295 0.232507 0.251618 0
19 -1.46734  0.49904 0.246593 -0.405154 0.276731 0.236469 0.246593 0
24 -1.49682 0.413349 0.273276 -0.0256742 0.383765 0.268769 0.273276 0
25 -1.51987 0.426487 0.287362 -0.141 0.372671 0.281959 0.287362 0
26 -1.46272 0.431315 0.302575 -0.0545994  0.35735 0.277055 0.302575 0
27  -1.4839 0.470989 0.281255 -1.49697 0.274616 0.369923 0.281255 0
28 -1.51573 0.453664 0.286224 -0.152464 0.360145 0.283301 0.286224 0
29 -1.50955 0.484967 0.242698 -1.52347 0.305935 0.399771 0.242698 0
30 -1.51169 0.490171 0.270166 -1.41104 0.296435 0.392443 0.270166 0
31 -1.52778 0.514397 0.223218 -1.51365 0.305079 0.398589 0.223218 0
32 -1.56047  0.53723 0.189894 -1.64101  0.29153  0.42518 0.189894 0
34 -1.51095 0.516583 0.227613 -1.64028 0.322064 0.431838 0.227613 0
36 -1.52331 0.531191 0.241226 -1.74082 0.370799 0.373375 0.241226 0
37 -1.52433 0.518235 0.245689 -1.76211 0.320198 0.409757 0.245689 0
38 -1.52183 0.479908 0.248158 -1.56389 0.272676 0.389471 0.248158 0
39 -1.46777 0.652257 0.183125 -1.60337 0.373383  0.46602 0.183125 0
40  -1.5042 0.520853 0.246523 -1.74199 0.300704 0.395525 0.246523 0
41 -1.49635 0.480387 0.297931 -3.14653 0.387459 0.270258 0.297931 0
42 -1.48476 0.490784 0.258393 -3.16506 0.369047 0.299356 0.258393 0
43  -1.5812 0.424731 0.331579 -3.04283 0.307722  0.24692 0.331579 0
44 -1.54563 0.515916 0.276015 -1.76183 0.289003 0.366389 0.276015 0
45 -1.55838 0.465305 0.307994 -3.29032 0.350475 0.277404 0.307994 0
46 -1.60267 0.472159 0.314882 -3.34487 0.340409 0.260088 0.314882 0
47 -1.52891 0.515724 0.257277 -3.33329 0.334777 0.278825 0.257277 0
48 -1.59179 0.462451 0.288779 -3.23195 0.310962  0.22574 0.288779 0
49 -1.49615 0.485358 0.269791 -3.1418 0.353036 0.268571 0.269791 0
50 -1.54748 0.489705 0.273337 -3.30548 0.278016 0.257488 0.273337 0
51 -1.62116 0.416514 0.323887 -3.33571 0.283175 0.213512 0.323887 0
52 -1.54509 0.463366 0.303924 -3.1818  0.36664  0.22653 0.303924 0
54 -1.56458 0.385148 0.282391 -3.48421 0.344947 0.240769 0.282391 0
55 -1.60883  0.47569 0.331992 -3.16934 0.336522  0.25328 0.331992 0
56 -1.65164 0.501998  0.35567 -3.11447 0.303502 0.221321  0.35567 0
57 -1.65333 0.518825 0.364781 -3.25115 0.324234  0.23832 0.364781 0
