-0.25573  1.75451 0.463029 -2.25153 0.239065 0.238312 0.463029 0
-0.217632   1.72574  0.468805 -1.72793 0.268556 0.265123 0.468805 1
-0.298683    1.7938  0.455124 -1.20433 0.292105 0.286394 0.455124 2
-0.281963   1.78132  0.457622 -0.99489 0.268382 0.252717 0.457622 3
-0.233311   1.74518  0.464893 -1.93737 0.256749  0.24162 0.464893 4
-0.246551   1.66538  0.480981 -1.41377 0.291858 0.268385 0.480981 5
  -0.243   1.7326 0.467442 -2.04209 0.225322 0.248836 0.467442 6
-0.265908   1.75861   0.46223 -0.890171  0.23004 0.256159  0.46223 7
-0.26825   1.7649  0.46092 -0.785451 0.262548 0.227016  0.46092 8
-0.26825   1.7649  0.46092 -2.35625 0.227016 0.262548  0.46092 9
-0.245453   1.75737  0.462452 -2.14681 0.259015 0.222844 0.462452 10
-0.227669   1.69601  0.474834 -1.83265 0.216598 0.262005 0.474834 11
-0.228583   1.73927  0.466025 -1.51849 0.335084 0.276089 0.466025 12
-0.27411  1.74518 0.464986 -1.09961 0.225587 0.276804 0.464986 13
-0.234248   1.78528  0.456937 -1.51849 0.352574 0.282317 0.456937 14
-0.272136   1.71856  0.470415 -1.30905 0.232311 0.292666 0.470415 15
-0.224064   1.77788  0.458264 -1.83265 0.306755 0.242025 0.458264 16
-0.209619   1.65331  0.483469 -1.62321  0.21984 0.280538 0.483469 17
-0.306038   1.83138  0.447467 -1.09961 0.331624 0.258476 0.447467 18
-0.253837   1.73421  0.467113 -2.14681 0.205038  0.26331 0.467113 19
-0.206519   1.80042  0.453659 -1.62321 0.367046 0.282695 0.453659 20
-0.254076    1.7529  0.463392 -2.35625 0.267192 0.205493 0.463392 21
-0.254076    1.7529  0.463392 -0.785451 0.205493 0.267192 0.463392 22
-0.284534    1.7911  0.455602 -0.890171 0.299567  0.22183 0.455602 23
-0.236498   1.77419  0.459044 -2.04209  0.28966 0.214309 0.459044 24
-0.278835   1.86017  0.441712 -1.41377 0.401544 0.288675 0.441712 25
-0.237875   1.68805  0.476447 -1.93737 0.185502 0.267645 0.476447 26
-0.327095    1.9112  0.431319 -1.30905 0.430343 0.297908 0.431319 27
-0.258973   1.72782  0.468508 -0.99489 0.187891 0.278529 0.468508 28
-0.266663   1.74853  0.464206 -2.25153 0.192414 0.286302 0.464206 29
-0.244669   1.76057  0.461839 -2.25153 0.286258 0.189762 0.461839 30
-0.214368   1.84674  0.444299 -1.72793  0.39301 0.253063 0.444299 31
-0.228181    1.8094  0.451905 -1.93737 0.336836 0.212366 0.451905 32
-0.307501   1.84075  0.445529 -0.99489 0.357794 0.224046 0.445529 33
-0.347995   1.93804  0.425832 -1.20433 0.449147 0.279724 0.425832 34
-0.220268   1.62802  0.488598 -1.72793 0.168042 0.274863 0.488598 35
-0.249013   1.69414  0.475208 -2.04209 0.165824 0.280765 0.475208 36
-0.282752   1.77718  0.458392 -0.785451 0.320926 0.185907 0.458392 37
-0.282752   1.77718  0.458392 -2.35625 0.185907 0.320926 0.458392 38
-0.259731   1.67986  0.478262 -1.20433 0.168056 0.291662 0.478262 39
-0.236681   1.78161  0.457575 -2.14681 0.315491 0.180503 0.457575 40
-0.248366   1.72801  0.468472 -0.890171 0.164565 0.288487 0.468472 41
-0.215617   1.55808  0.502761 -1.51849 0.153401 0.271452 0.502761 42
-0.219806   1.87456  0.438694 -1.83265 0.413234 0.218427 0.438694 43
-0.343761   1.93322  0.426769 -1.09961 0.456905 0.236822 0.426769 44
-0.261857   1.71205  0.471572 -2.14681 0.153399 0.302024 0.471572 45
-0.202274   2.00187  0.412839 -1.62321  0.56862  0.28565 0.412839 46
-0.230761    1.6258  0.489046 -1.83265 0.139277  0.27914 0.489046 47
-0.30435  1.82567 0.448551 -0.890171 0.373533  0.18531 0.448551 48
-0.229444    1.8193  0.449935 -2.04209 0.359454 0.176855 0.449935 49
-0.232539   1.59873  0.494743 -1.41377 0.137924 0.281753 0.494743 50
-0.240221   1.74117  0.465808 -2.35625 0.306468 0.149718 0.465808 51
-0.240221   1.74117  0.465808 -0.785451 0.149718 0.306468 0.465808 52
-0.246737   1.67128  0.480006 -1.09961 0.134677 0.292518 0.480006 53
-0.24859  2.01885  0.40934 -1.51849 0.615424 0.283245  0.40934 54
-0.277472   1.74261  0.465369 -2.25153 0.146298 0.333743 0.465369 55
-0.210222   2.00046  0.413167 -1.72793  0.55111 0.237743 0.413167 56
-0.40798   2.1947  0.37378 -1.30905 0.721793 0.305622  0.37378 57
-0.233478   1.76669  0.460634 -2.25153 0.334005 0.140644 0.460634 58
-0.336035   1.90716  0.432018 -0.99489 0.457696  0.19201 0.432018 59
-0.222373   1.88212  0.437199 -1.93737 0.427515 0.179242 0.437199 60
-0.241961   1.63689  0.486792 -1.93737 0.121708 0.290948 0.486792 61
-0.412434   2.12653  0.387554 -1.20433 0.654366 0.271009 0.387554 62
-0.238167   1.67941   0.47836 -0.99489 0.115048 0.301887  0.47836 63
-0.297595   1.78975  0.455803 -0.785451 0.380676 0.143833 0.455803 64
-0.297595   1.78975  0.455803 -2.35625 0.143833 0.380676 0.455803 65
-0.227493   1.80699  0.452466 -2.14681 0.374646 0.136155 0.452466 66
-0.25459  1.65847 0.482411 -2.04209 0.110639 0.310379 0.482411 67
-0.214701    1.9905  0.415228 -1.83265 0.540909 0.190133 0.415228 68
-0.389012   2.05539   0.40194 -1.09961 0.607191 0.210845  0.40194 69
-0.363674   2.33929  0.344528 -1.41377 0.884649 0.301361 0.344528 70
-0.196106   2.29457  0.353529 -1.62321 0.861503 0.289942 0.353529 71
-0.222156   1.77289  0.459416 -2.25153  0.382314 0.0909467  0.459416 72
-0.213376   1.92206  0.429183 -2.04209  0.518442 0.0915355  0.429183 73
-0.226672   1.72969   0.46817 -2.35625  0.344872 0.0951803   0.46817 74
 -0.2769  1.67049 0.479935 -2.14681 0.0565506  0.374631  0.479935 75
 -0.5388  2.65323 0.280718 -1.30905  1.19317   0.3181 0.280718 76
-0.825461   3.33466  0.142209 -1.20433  1.96972 0.215149 0.142209 77
-0.269538   1.69083  0.475842 -2.14681 0.103948 0.339097 0.475842 78
-0.626861   2.75374  0.260181 -1.20433  1.33725 0.242009 0.260181 79
-0.500223   2.38332  0.335406 -1.20433 0.933945 0.259136 0.335406 80
-0.298722   1.73098  0.467656 -2.25153 0.0556316  0.427014  0.467656 81
-0.215742   1.96514  0.420411 -1.93737 0.531039 0.141427 0.420411 82
 -0.2081  2.06081 0.401063 -1.93737  0.650343 0.0978466  0.401063 83
-0.288157   1.73676  0.466519 -2.25153 0.100707 0.380644 0.466519 84
-0.602115   2.63074  0.285011 -1.09961   1.31494 0.0885136  0.285011 85
-0.513367   2.39113  0.333707 -1.09961  1.02019 0.139459 0.333707 86
-0.444297   2.20465  0.371606 -1.09961 0.790798 0.179109 0.371606 87
-0.31279  1.80261 0.453154 -2.35625  0.10076 0.441844 0.453154 88
-0.446015   2.16309   0.37994 -0.99489  0.842748 0.0685346   0.37994 89
-0.404482   2.06644  0.399607 -0.99489 0.697338 0.115164 0.399607 90
-0.208467   2.13206  0.386574 -1.83265 0.696808 0.155583 0.386574 91
-0.368126   1.98183  0.416822 -0.99489  0.57005 0.155981 0.416822 92
-0.200683   2.30881  0.350799 -1.83265 0.891454 0.112447 0.350799 93
-0.372194   1.94402  0.424411 -0.890171  0.626768 0.0602758  0.424411 94
-0.348037   1.90188  0.433006 -0.890171 0.536599 0.104796 0.433006 95
-0.217859   1.83361   0.44711 -2.14681  0.436673 0.0896538   0.44711 96
-0.325473   1.86252  0.441035 -0.890171 0.452377 0.146381 0.441035 97
-0.259777    1.6253   0.48911 -2.04209 0.059316 0.337921  0.48911 98
-0.204779   2.20223  0.372302 -1.72793 0.758636 0.217633 0.372302 99
-0.231818   1.69915   0.47436 -0.890171 0.102797 0.318985  0.47436 100
-0.328351   1.81579   0.45044 -0.785451  0.504484 0.0566505   0.45044 101
-0.19732  2.47876 0.316295 -1.72793  1.04306 0.190071 0.316295 102
-0.31279  1.80261 0.453154 -0.785451 0.441844  0.10076 0.453154 103
-0.186468   2.88106  0.234817 -1.72793  1.45684 0.149974 0.234817 104
-0.226672   1.72969   0.46817 -0.785451 0.0951803  0.344872   0.46817 105
-0.186325   2.75868  0.259485 -1.62321   1.3259 0.296748 0.259485 106
-0.328351   1.81579   0.45044 -2.35625 0.0566505  0.504484   0.45044 107
-0.283511   2.50685  0.310403 -1.51849  1.10473 0.295733 0.310403 108
-0.221766   1.86841  0.440018 -2.04209 0.435428 0.136084 0.440018 109
-0.354612   3.46213  0.117003 -1.51849  2.02952 0.326013 0.117003 110
