 -1.6392 0.510532 0.316599 -3.31477 0.255909 0.253588 0.316599 0
-1.64738 0.491874  0.31587 -3.10533 0.237671 0.245377  0.31587 1
-1.62714 0.495721 0.310525 -3.21005 0.267713 0.241445 0.310525 2
-1.64214 0.482739 0.312866 -3.00061 0.251539 0.233718 0.312866 3
-1.66183 0.507618 0.322831 -3.21005 0.221125 0.253487 0.322831 4
-1.65854 0.530591 0.325814 -3.41949 0.242737 0.262969 0.325814 5
-1.62381  0.48732 0.308233 -3.10533 0.277225 0.226264 0.308233 6
-1.59134 0.501397 0.300637 -3.41949 0.316952 0.266841 0.300637 7
 -1.5865 0.489088 0.297188 -3.31477 0.318353  0.24819 0.297188 8
-1.65392 0.479469  0.31557 -3.00061 0.220149 0.258749  0.31557 9
-1.60286 0.514987 0.306322 -3.52421 0.317962 0.280691 0.306322 10
-1.65391  0.44279  0.30958 -4.15253 0.262522 0.265041  0.30958 11
-1.68532  0.55255 0.337622 -3.52421 0.229042 0.266937 0.337622 12
-1.58837 0.482426 0.296774 -3.21005 0.319773  0.22799 0.296774 13
-1.67411  0.45183 0.317449 -4.04781 0.249952 0.277053 0.317449 14
