0  -1.4878 0.428785 0.301828 -3.21423 0.385619 0.244339 0.301828 0
1 -1.55258 0.454496 0.299047 -3.21005 0.337831 0.235346 0.299047 0
2 -1.51448 0.434427 0.284358 -3.20927 0.370178  0.25139 0.284358 0
3 -1.52328  0.45282 0.282695 -4.70243 0.241486 0.369958 0.282695 0
4 -1.50608 0.406188 0.276601 -4.76304 0.264473 0.379707 0.276601 0
5 -1.52996 0.426789 0.277781 -4.72695 0.256331 0.384507 0.277781 0
6 -1.50157  0.45604 0.280131 -4.52077 0.297112 0.361081 0.280131 0
7 -1.53488 0.452478 0.267563 -4.71494 0.248953 0.402063 0.267563 0
8 -1.51017 0.389463 0.275449 1.6681 0.296454 0.399692 0.275449 0
9 -1.54401 0.412489  0.27511 1.65071 0.242346 0.369523  0.27511 0
10 -1.51995 0.462275 0.297261 1.58334  0.23426 0.370505 0.297261 0
11 -1.53114 0.446212 0.283331 1.57945  0.25453 0.379718 0.283331 0
12  -1.5195 0.432676 0.292796 1.46115 0.241806 0.377835 0.292796 0
13 -1.53709 0.440806 0.276151 0.0203024 0.378589 0.251912 0.276151 0
14  -1.5171  0.49364 0.264855 0.0631467 0.415312 0.252692 0.264855 0
15 -1.54754 0.438958 0.285947 -0.130149 0.401111 0.246695 0.285947 0
16 -1.49085 0.449832 0.302648 -0.0602133 0.353935 0.220113 0.302648 0
17 -1.59968 0.449813 0.283255 -0.0754537 0.421038  0.21629 0.283255 0
18  -1.4753 0.479277 0.282636 -0.0735839 0.401729 0.215228 0.282636 0
19 -1.55647 0.462778 0.273821 -0.090995 0.423632 0.248521 0.273821 0
20 -1.57691 0.451794 0.268355 -0.0205704 0.451289 0.212957 0.268355 0
21 -1.51625 0.457239 0.286008 0.150638  0.37898 0.170339 0.286008 0
22  -1.4947 0.449992 0.292988 -0.00653191 0.347257  0.23183 0.292988 0
23 -1.48532 0.430711 0.293248 0.090345 0.358225 0.204035 0.293248 0
24 -1.52025  0.45498 0.275176 -0.0256742 0.389171 0.243228 0.275176 0
25 -1.51336 0.429288  0.28805 -0.0362807 0.377728 0.254438  0.28805 0
26 -1.48296 0.430403 0.299896 -0.0545994 0.405661  0.24259 0.299896 0
27  -1.5135 0.474334 0.275437 -0.0308887 0.400201   0.2611 0.275437 0
28 -1.49396 0.445277 0.289626 -1.51382 0.231997 0.378362 0.289626 0
29 -1.55064 0.514304 0.269428 -1.62819 0.278847 0.416235 0.269428 0
30 -1.54508 0.466008 0.273095 -1.62048 0.217718 0.401206 0.273095 0
31 -1.51844 0.471525 0.309548 -1.40893 0.257986 0.372984 0.309548 0
32  -1.5316    0.437 0.292524 -1.53629 0.231456 0.381858 0.292524 0
33 -1.52213 0.467321 0.271496 -1.64086 0.244259  0.40222 0.271496 0
34 -1.52643 0.440007 0.270465 -1.64028 0.244007 0.402194 0.270465 0
35 -1.49781 0.514442 0.264895 -1.75072 0.323383 0.399867 0.264895 0
36 -1.51789 0.426074  0.28974 -1.74082  0.22139 0.384847  0.28974 0
37 -1.52804 0.488962  0.27133 -1.65739 0.254338 0.410522  0.27133 0
38 -1.54812 0.448722 0.279133 -1.66861 0.241867 0.383692 0.279133 0
39  -1.5009 0.490629 0.260325 -1.60337 0.253979 0.430661 0.260325 0
40 -1.54883 0.482696 0.280165 -1.84671 0.268218  0.38427 0.280165 0
41 -1.51076  0.47767 0.271487 -1.68045 0.254818 0.403535 0.271487 0
42 -1.54652 0.457833 0.280097 -1.90842 0.229355 0.377982 0.280097 0
43 -1.54787 0.435775 0.320123 -3.04283 0.359862 0.226882 0.320123 0
44 -1.51737 0.473695 0.277202 -3.22791 0.398511 0.238309 0.277202 0
45 -1.49403 0.438333 0.277004 -3.1856 0.416535  0.24982 0.277004 0
46 -1.55013 0.444361 0.276096 -3.13544 0.371208 0.242804 0.276096 0
47 -1.49202 0.457533 0.257157 -3.33329 0.403845 0.249491 0.257157 0
48 -1.50888 0.469244 0.270474 -3.23195 0.402818   0.2131 0.270474 0
49 -1.55463 0.481448 0.301426 -3.1418 0.334127 0.237872 0.301426 0
50 -1.49757 0.440011 0.266928 -3.30548 0.387327 0.224847 0.266928 0
51 -1.48672 0.502994 0.270693 -2.91683 0.405352 0.207472 0.270693 0
52 -1.54509 0.463366 0.303924 -3.1818  0.36664  0.22653 0.303924 0
53 -1.46055  0.45218 0.270598 -3.13264 0.430374 0.212396 0.270598 0
54  -1.4403 0.459867 0.250457 -3.17005 0.475163 0.220107 0.250457 0
55 -1.46102 0.444514 0.275602 -3.16934  0.37908  0.21773 0.275602 0
56 -1.58534 0.488304 0.330194 -3.21919 0.377283  0.23289 0.330194 0
57 -1.50897   0.4429 0.273295 -3.14643 0.393597 0.221293 0.273295 0
