 70.0263  31.9288  67.1989 0.483482
 103.126 0.487214  104.099  18.1402
  147.78 0.136818  131.046  11.9511
 139.341  13.0887  151.539  1.52049
 325.728  14.9751  359.761  9.11631
 55.7768  15.3402  40.3099  13.8106
 303.219  15.1541  213.176  26.0482
 104.878  18.0371  102.523  38.0543
 210.333   23.803  312.894   195.52
 28.5798  44.8137  18.8451  27.1673
 103.203  34.8999  83.1834  46.9719
 231.648  196.904  210.662  30.4628
 30.0749   35.425  34.4146  50.6137
 14.9206  56.4556  27.6679   48.082
 79.7493  57.8453  104.869  48.1563
 32.1122  54.7482  13.0978  66.8322
 16.8932  65.6919 0.181036  70.2457
  533.37  149.063  474.757  337.856
 506.779  156.456   528.06  151.591
 484.183  161.996  503.027  158.799
 313.421  199.589  372.047  187.724
 238.553  215.474  231.704  196.128
 313.826  386.876  314.135  201.877
 311.621  386.983  238.787  215.875
 475.224  338.177  315.156  391.723
