 127.013  23.6876  185.612  9.32391
 178.797  65.9497   303.49  12.7302
 304.111  12.7559  596.531  100.521
 184.354  13.0393  153.127  20.6333
 19.5463  24.3205 0.468706  21.8151
 148.096  21.7494  126.838  26.7146
 106.742   30.197  126.746  23.9609
 124.164  27.5116  106.974  33.4131
 57.6049  36.2711  146.604  71.3125
 140.658  73.0429  57.1679  39.8873
 210.215  245.697  178.935  67.7628
 95.8701  91.1831  136.433   73.368
 137.359  76.6991  55.7708  113.449
 59.4861  107.134  86.7943  95.4366
 596.715  102.335  588.929  116.227
 584.982  114.902   508.13  203.293
 591.061  116.077  525.936  284.495
 505.308   209.66  449.576  391.937
 446.255  395.372  207.017  246.647
 525.557  284.711  444.767   401.28
