 39.5276  13.6099  23.1799  10.3497
 149.545  15.9185  133.037  25.4726
 93.0943  38.0333  120.832  28.7431
 123.058  30.4522  103.149  38.1874
 272.792  34.5905  592.758  107.241
 0.38561   78.965   82.619  102.401
 75.5879  104.504 0.357414  82.8026
 196.065  288.034  158.031  103.878
 174.005  165.696  177.108   181.83
 531.985  264.417  539.141  245.536
 524.076  285.512  530.612   268.12
 529.976  279.898  479.017  412.988
 516.609  305.527  523.471  287.003
 231.761  305.882  204.492  293.791
 476.167  414.718  232.041   306.19
