 0.343552   60.9843   77.2131    36.695
   73.128   40.6333   51.9033   48.2044
  280.411   45.4023   616.372   115.532
  179.403   123.524   280.179   45.4129
 0.400987   104.088   50.3178   115.696
  39.2065   117.575  0.304158   108.207
  50.4987   116.671  0.926069   147.361
   615.89   116.885    616.43   239.382
0.0843267   142.224   39.0574   118.846
  207.494   312.858   180.289   122.815
  185.395   134.414   188.136   150.623
  615.493   239.208   515.531   424.901
  512.783   426.569   225.557   322.368
