213.076 34.9975 511.882 42.8609
209.258 73.1199 210.929 34.4421
510.993 41.5118 595.598 125.659
195.361 86.6248 208.163 73.0935
209.098 76.9413 199.896 88.8097
208.093 105.569 209.248 79.3144
196.562 101.888 195.927 86.8096
206.943 108.977 201.638 124.716
196.939 124.402  203.12 110.083
207.786 139.395  207.46 113.149
 209.72 163.178 208.545 143.028
221.411 153.094 222.405 178.104
564.011 182.951 575.307 159.223
200.938 179.515 208.503 162.603
212.132  190.69 210.585 166.959
212.736 198.393  203.67 185.249
548.019 218.077  562.48 186.579
223.501 190.604  226.56 244.322
203.063 227.023 211.104 208.331
215.937 236.949 214.176 214.489
210.852 215.695 212.296 236.931
 540.49 234.317 546.463 220.448
 211.64 241.936 206.802 223.472
510.264 299.208 538.755 237.837
221.536 316.995 216.236 246.735
228.438 256.875 228.438 281.875
512.033  304.65 211.867 321.737
505.749 313.786 497.734 330.437
