203.114 57.8784 485.713 45.0544
485.646 44.8186 585.625 117.349
 216.79 98.6127 205.796 68.5194
205.127  104.53 202.221 71.7336
228.581 129.678  219.39 105.619
222.404 127.942 215.416 107.764
215.268 124.505 209.873 109.648
239.307 152.427 583.324 118.915
585.958 118.462 512.921 291.789
212.198 125.197 224.368 134.384
204.471  149.19 207.797 128.474
237.017 154.333 231.214 134.569
225.956  158.03 220.341 138.568
212.286  153.89 225.946 165.471
236.719 173.115 236.858 154.366
559.122  173.02 566.428 155.439
210.337  208.14 210.065 156.878
 226.28 171.079 210.721 158.278
239.139  225.71 236.131 172.883
248.939 175.632 249.507 209.373
215.968 185.698  212.77 200.814
546.621 203.021 553.216 186.912
212.556 202.281 224.037 218.366
228.764 215.773 225.049 200.461
538.287 223.191 545.464  205.56
221.726 222.214 209.783 207.787
 214.52  231.77 213.293 215.518
 211.48 248.358 217.621 225.828
242.267  313.11 238.997 226.795
220.057 230.466 215.469 246.831
194.312 252.695 211.258 242.979
215.334 248.328 227.657 265.952
 510.74 288.174 525.695 253.155
238.016 324.737  223.58 270.504
504.302  296.36 298.086 336.678
508.444 302.963 502.242 319.034
 242.26 343.141 242.021 311.893
297.897 336.864 246.953 346.059
