233.332 50.8783 498.243 30.9405
235.534 234.352  231.94 54.3487
262.392 91.5058 236.212 54.8482
 234.38 77.6334 243.967 93.3736
 244.99 109.289 247.832 88.2543
269.032 108.071 251.637 95.9669
301.932 146.008 607.205 100.332
610.408 98.6878 530.227 269.853
250.416 105.483 262.959 122.001
276.557 122.122 265.062 107.312
246.036 140.564 247.577 119.335
264.311 135.718 251.748 127.059
284.526 128.018 299.549 149.252
300.122 154.748  282.53 131.067
256.669 155.298 246.458 139.181
274.476 138.056 296.753 170.708
291.588 280.605 301.022 144.403
254.636 146.464 269.283 155.769
254.057 172.069 238.897 147.166
269.356 161.902 256.177 152.896
311.904 151.877 302.539 263.181
297.271 176.592 281.553 154.605
304.242 209.364 308.815 154.328
561.777 194.329 579.427   156.9
256.161 170.294   268.9 190.918
245.763 195.635  247.48 173.076
249.224 179.383 250.197 198.147
263.347 191.625 251.478 181.072
252.805 220.792 238.606 193.526
256.086 211.606 246.562 195.287
554.152 210.519 560.621 196.873
254.568  202.87 268.121  213.13
275.456 201.975 285.714 219.323
246.953 203.084 263.477 234.188
528.496 265.798 553.011 213.072
245.697  241.78 247.414 220.567
249.259 226.878 249.692 243.117
286.275 337.812 235.478 232.549
215.526 252.226 235.457 237.892
300.518 254.369 301.405 239.347
255.289 257.071 246.845 242.623
250.177 243.485 261.304 257.334
 271.76 265.821 256.248  256.69
302.024 266.888 298.871 304.333
522.329 274.715 274.673 345.418
288.811 326.852 289.953 299.347
