638.212 11.4328 614.166 6.68128
178.206 56.1201 426.672 15.6265
 425.19 15.2942 547.523 73.1478
 179.51 83.1154 177.636 56.7321
287.915  148.65 543.513 74.4631
  546.4  74.465 482.228 239.025
212.516 95.0863 191.606 77.1897
206.255 80.1062 225.176 96.1543
191.831 244.284 179.823 85.4966
184.194 86.9751 203.023 104.485
209.334 88.1689 222.261 100.211
201.364 107.338 182.714 89.8119
224.783 97.8842 287.105 149.851
207.556 112.997 204.521 96.8476
224.873 109.632 210.382  102.36
245.538 123.227 226.701 107.079
435.646 109.446 412.933 116.233
218.223 125.546 208.183 113.079
218.255  120.33 240.789 130.254
401.947 119.621 371.947 128.372
249.324 135.768 223.988 126.706
208.847  128.34 228.233 135.327
285.433 158.349 250.461 128.316
367.033 129.911 334.079 139.622
228.086 130.728 248.091 138.216
232.643 145.577   211.8 133.252
235.502 134.511 281.336 176.091
221.243 159.823 207.618 140.622
333.028 139.042 309.449  145.88
283.927 182.372 239.221 142.045
213.241 145.486 228.354 158.098
296.106 156.815 281.915 338.128
249.215 167.343  225.28  159.13
291.637 175.718 293.245 158.136
213.043 175.702 202.788 164.689
234.265 164.677 249.119 170.079
290.045 200.675 291.462 181.844
281.865 209.374  283.38  183.14
228.369 186.629 241.544 199.708
232.298 201.238 214.396 189.344
284.048   278.1 289.815 201.908
223.856 217.521 212.437 203.693
219.651 208.608 240.188 220.152
269.531 232.974 254.134 217.109
257.933 217.072 269.331  228.17
212.316 250.687 210.958 233.099
482.998 240.378 327.305 320.277
176.246 263.849 193.222 249.281
216.987 250.443 227.285 261.414
247.872 273.678 222.934 262.292
231.744 269.666 245.987 276.069
282.758 298.116 283.197 279.377
281.043 316.891 281.677 300.617
 326.69 320.232  288.77 339.402
289.961 340.782  275.42 344.899
277.231 345.126 263.313 352.242
