584.392  11.778 601.812 14.7464
638.208 22.5078 581.963 14.9661
 604.45 15.0373 638.133 19.3126
207.262 83.5958 435.434 32.2752
435.371 32.4706 564.739 87.6999
214.234  269.38 207.448 84.2624
212.864 87.2514 343.948 178.188
565.112 87.4028 498.399 250.225
249.254 122.046 235.383 112.217
214.203 114.601 243.209 136.765
241.024 138.845 212.666 117.485
211.896 119.374 213.218  145.62
242.676 124.338 260.917 131.087
251.869 147.526 240.034 124.681
 263.16 128.075 284.443 143.028
265.882 138.828 249.682 131.221
 285.58 144.439  342.78 184.863
296.629 165.057 262.067 152.594
242.791 155.389 260.435 161.201
 310.58 165.688 294.458 154.258
339.422 179.308  303.39 153.998
 248.93 175.113 240.471 155.692
265.646 156.817 295.775 167.712
280.377 164.713 328.591 199.988
 339.69 186.426 311.272 166.485
261.869 185.632 249.642 175.309
214.323 176.875 214.508 196.874
293.127 195.619 262.885 185.062
351.191 184.264 324.855  346.75
235.295 188.516 252.173 202.772
266.945 189.179 293.011 198.445
244.515 200.467 233.247 190.487
242.673 210.604 259.822 216.909
248.386  233.49 240.031 210.844
340.515 228.105 343.745 210.509
259.634 222.555 244.378 215.617
245.051 219.765 255.757 235.535
217.981  222.03 259.361  260.64
244.814 251.406 217.727  226.05
215.823 226.869 217.117 266.867
289.168 252.434 258.419 241.079
271.969 249.101 288.038 254.628
500.436 250.338 361.209 342.115
252.054  285.06 241.973 269.312
202.621 288.874 216.333 275.086
329.501 274.399 326.666 289.335
284.421 300.525 252.905 286.107
260.601  293.18 283.244 302.846
360.831 342.045 326.867 363.813
316.665 373.618 300.289 378.165
