211.041 66.9661 409.767 5.35705
410.114 5.75842 543.644 55.1026
544.488 55.1614 478.647 216.578
211.128 94.3861 210.737 68.0862
214.688  71.875 214.688  94.375
211.674  149.39 211.162 98.1071
218.264 99.1318  253.25 119.156
214.101 101.879 215.571 208.143
268.295 126.486 253.935 108.476
256.873 108.133  275.69 112.865
296.814 118.238 335.714  139.21
376.964 164.206 319.096 133.654
321.865 145.657 283.216  134.07
282.989 137.318 319.261 148.494
255.418 140.219 275.438 145.136
271.369 163.552 252.466 141.182
343.233 142.922 365.459 154.689
 304.56 147.785 335.499 164.606
212.487 260.612 211.724 150.617
387.258 160.418 368.775 237.982
316.597 177.783 279.513 166.424
378.924 182.083 383.203 165.645
339.436 166.764 366.863 181.896
379.283 166.852 375.144 183.318
280.508  169.75 315.259 180.551
370.888 187.654 351.801 177.007
373.828 190.497 360.367 248.065
264.703 220.013 248.917 197.192
251.776 197.272   270.6 201.976
 368.26 228.157 373.589 205.735
215.758 209.168 237.923 223.439
215.581 214.375 215.717 256.879
235.625 225.625 218.091 214.429
478.645 217.359 372.954 318.008
309.346 235.719 274.264 224.731
 275.28 227.966 308.059 238.334
368.077 240.614 361.068 270.728
257.864 264.516 247.771 245.816
250.413 246.389 266.789 250.933
359.705 250.702 348.558 298.227
334.813 350.026 212.053 260.381
204.358 276.856 216.462 266.231
206.902  294.63 211.262 272.754
267.836 275.121 294.451 285.429
301.519 284.172 273.086 274.491
354.577 295.671 350.879 311.933
347.397  301.71 337.165 346.941
372.198 318.304 346.928 342.014
337.166 350.039 324.846  359.96
