   593.2 0.486451  615.806  12.7924
 257.821  92.6914  421.111  17.9359
 421.495  18.1307  560.396  60.1316
 561.311  61.1694  499.465  220.174
 252.792  285.687  258.299  91.9155
 260.026  93.3219   451.15  172.378
 311.822  118.255  295.696  111.701
 264.032  123.904  342.885  158.668
 260.302   128.12  259.469  184.376
 309.273  131.451  330.812  134.117
 326.125   148.97  306.862   131.89
 331.974   135.38  359.527  146.499
 366.859  144.414  396.906  156.799
 445.467  179.758  364.169  146.123
 371.687  161.437  335.356  153.041
 409.348  161.942  444.564  176.416
 327.826   184.72  303.747  163.849
 363.222    167.9  404.392  185.586
 447.236  182.397  441.625  199.699
 359.279  193.449  329.317  184.571
 406.958  186.676  420.882  192.512
 334.438   189.17  356.754  196.019
 258.752  191.862  257.898   233.12
  442.23  201.229  426.273  254.194
 316.611  240.867  298.665  221.275
 270.157  240.236  311.968  262.954
 350.421  252.472  321.992  242.782
 256.915  244.376  255.829  284.381
 325.622  246.885  343.087  253.229
 306.831  263.208  279.204  248.445
 426.655  254.696  418.753  280.042
 307.897  287.059  294.508  270.517
 418.638  280.409  408.652  314.529
 390.617  366.889  252.263   286.21
 247.859  330.583  254.137  290.393
 341.719  301.064  316.766  292.181
 315.574  294.503  333.246  301.572
 408.127  314.744  403.314   331.05
 403.218  331.542  393.496  365.372
 419.469  332.877  394.062   366.96
