599.703  19.513 606.006 4.53553
569.307 20.7586 546.904 9.31862
402.797 25.7486 545.229 59.7835
545.414 62.5376 530.174 100.444
527.631 99.7208 489.682 182.694
532.023 101.492 489.666 223.226
 273.45 141.908 273.756 115.647
275.178 117.052 486.447  183.24
278.436 125.649 277.089 143.141
267.532 314.398 273.274 146.923
279.328 147.016 335.511 165.964
474.317 214.551 278.171 150.485
276.263 153.113  275.33 200.619
345.387 163.483 330.373 153.505
351.923 152.971 391.898 165.551
    482 191.484 361.935 152.938
342.918 168.849 385.505 181.045
385.439 176.318  360.55 169.655
405.357 170.272 424.284 175.928
416.879 181.848 396.806 178.542
489.814 180.771 477.968 216.407
342.782 197.328 327.043 185.404
 403.24 194.025 439.302 205.846
379.323 209.554 356.906 203.018
358.147 206.809 374.296 212.115
409.396 212.752 394.373 211.907
274.414 211.875 274.274 241.875
477.702 216.738 455.164 286.286
483.059 241.848 464.694 285.758
332.809  254.71 320.583 243.169
365.647  268.06 348.064 262.052
348.154 265.538 364.302 270.847
272.188 274.375 272.188 308.125
452.462 299.533 424.928 380.792
422.104 380.098 266.532 312.667
359.382 318.105 340.628 311.867
339.307 314.569 355.354 320.153
266.536 344.577 269.233 315.729
  423.5 382.146 416.959 396.338
