563.125 12.1875 544.375 12.1875
 385.45 19.1775 531.817 43.4756
289.182 123.022 385.459 20.3921
532.685 46.6898 518.412 176.906
291.565 123.311 516.607 171.867
289.422 154.342 289.779 128.113
293.394 130.645     292 149.384
510.654 180.499 308.077 134.586
364.345 150.769  403.21 158.974
294.441 152.843 371.774 171.054
  285.1 320.644 289.469 154.345
291.915 156.875 291.856 200.625
404.371 159.392 443.135  168.08
401.842 173.238 376.794 165.901
 374.94 169.807  398.31 176.197
 441.88  176.78 406.851 174.795
518.224  173.59 453.575 371.204
421.846 178.852 440.616 179.596
 398.15 206.785 377.964  201.21
377.989 204.893 394.419 209.207
404.371 211.182 434.379 211.413
290.749 216.848 289.526 268.129
406.529 257.452 419.947 265.504
421.882 267.202 391.896 267.856
289.687 269.386 288.018 318.121
401.905 271.297 421.921 270.413
409.423 316.656 384.419 317.826
451.409 372.171 286.351  322.36
284.853 348.309 287.407 324.299
289.063 368.129 288.852 349.395
448.846 373.261 447.728  389.52
