312.913 8.44408 451.665   27.18
254.591 108.251 312.741  8.6307
454.004 31.0341 481.668 140.677
258.031 107.545 478.406 138.634
251.658 309.397 255.989 108.187
259.033 116.852 257.878 134.359
 364.31 147.097 328.203 136.607
319.334 148.412 260.707 140.048
480.709 139.895 421.362 336.342
 258.61 143.136 254.845 304.386
336.993 142.782 362.027 151.437
404.386 148.997 368.094 147.914
368.108  152.24 383.134 152.932
455.224 213.006 467.015 173.167
360.458 180.052 343.089 175.771
398.126 181.085 364.376 181.175
387.983 238.432 366.837 241.621
376.875 289.378 345.734 291.948
419.395 336.742 252.848 311.178
 257.05 338.681 252.477 309.281
420.682 328.142 426.132 309.523
417.273 338.036 415.156 358.337
