   86.5556    39.4377    78.8589   0.235494
   244.771    41.8439    241.535   0.553651
   300.758          0    311.476    11.0978
   334.871   0.432184    332.918    20.7254
   342.367    18.0432    341.543   0.523104
   451.375    70.7038    458.767   0.298691
   464.478   0.557436    460.425    69.3632
    464.51    63.1332     468.32   0.560758
    501.45   0.375472    465.406    61.7467
   468.326     63.244    505.836 0.00869718
   567.178          0    591.846    61.1409
   595.216    59.0373    571.609   0.229812
   604.034   0.394419    594.955    63.0278
   609.796   0.687994    602.712    48.0632
   626.165    47.0195    638.558   0.740928
   363.093    11.5769    383.134    9.45772
   469.129    49.2287    493.471    8.33118
   572.751    24.5076    566.931     8.1051
   246.903    10.2531    271.949    12.1319
   151.858    11.6545    131.879    13.1749
   133.272    16.7116    156.928    13.5152
   638.633    13.2603    629.978    45.7855
   98.0338    29.3946    94.7799    14.2878
   134.775    47.2353    121.259    15.3561
   125.342    17.0296     137.12    38.5573
   118.711    19.6593    139.252    67.6424
   330.913    32.3052    347.614    21.1131
   331.882    29.0965    301.902    28.3261
   301.833    32.0016    330.632    32.8866
   109.392      44.27    92.9591    41.6759
   274.917      59.44    273.315    41.9723
    208.62    43.0803    210.198    60.5506
    192.01    44.5286    189.939    63.1876
   201.664    60.6929    196.581    44.8711
   201.506    44.2618      203.6     60.564
   206.548    60.7466    205.287    44.4011
   330.927    64.3914    331.882    46.8075
   604.431    50.4498     638.22    48.6741
   321.544    48.1735    319.765    81.8956
   328.569    48.1177    328.815    63.1342
   245.723    76.8681    244.309    56.7916
   591.857    62.1324    469.352    64.4166
   568.095     66.482    601.932    63.8603
   463.098    67.6674    566.881    65.9967
  0.595999    70.6981     91.883    68.4486
   141.974    80.5787     135.55      66.91
   579.377    68.2663    485.631    69.7528
   389.374    71.8073    448.122    70.5016
   323.648    88.1241    323.616    70.6241
   449.372    73.0127     389.39    74.8714
   247.916    81.8199    285.787    88.4499
   389.283    81.3937    368.094    85.4657
   168.251    95.1156    246.852    81.7398
   368.225    84.6818    350.565     90.441
   318.235    97.5197    255.532    86.1356
   200.552    92.6842    148.238    101.313
   261.918    115.484    396.908    110.218
   397.245    110.379    504.526     204.38
   265.818    153.427    261.026    116.822
   269.131    181.605    265.832    154.051
   277.142    216.636    271.633    181.716
   271.592    274.394    265.586    183.045
   279.463    218.224     500.67    203.816
   461.862    212.923    480.618    211.759
   502.388    212.515    471.776    416.485
    484.36    214.124     325.66    223.701
   391.873    216.826    418.133    215.854
    280.87    269.283    277.642    216.828
   428.126    219.476    445.625    219.378
   363.106    224.047    423.117    220.492
   315.621    224.291    296.854     225.17
   434.333    227.974    405.692    235.868
   404.236    237.127    351.953    232.287
   354.422     235.27    370.553    237.415
    451.87    236.719    476.885    235.953
   418.132    239.492    449.417    237.542
   370.625    238.134    416.882    240.491
   480.637    238.427    453.131    239.528
   449.336    240.067    283.115    251.735
   283.075     248.59    389.372     241.82
   411.825    255.991    433.019    258.896
   430.716    262.172    404.627    270.193
   282.627    306.963    280.724     269.37
   403.118    270.346    370.629    270.103
   371.882     272.76    401.871    273.327
   273.736      305.7    270.636    279.227
   285.198    358.213    282.561    308.023
   400.628    308.175    384.356    309.005
   280.262    363.026    274.834    314.324
   411.875    319.372    428.036    321.354
   418.307    328.916    390.825    335.243
   389.372    334.489    368.141    333.851
   369.374     336.94     399.37    337.281
   288.409     428.25    284.533    359.296
   420.865     379.93    399.782    389.064
   398.232    389.396    383.129    390.669
   384.325    394.076    400.744    391.341
   471.912    417.188    293.183    438.608
   463.875    419.614    471.189     434.09
   469.189    432.337    465.015    453.253
