  69.4551   21.8627   66.1306  0.164497
  103.456  0.968336   123.122   53.5931
  120.776   33.5204   108.849  0.364637
  313.579   15.1479   322.833         0
  435.263   79.8835   447.208  0.299704
  453.777  0.383644   443.336    80.326
  450.356   67.0037   459.089  0.423498
  497.302   0.06756    450.82   68.6599
  454.325   73.9503   505.035  0.219218
  543.602 0.0682788   570.264   82.7969
  572.861   76.9592    548.36  0.151203
  590.574         0   586.395   15.7567
  114.983   7.20539    122.39   21.6101
  232.938   33.1311   232.121   8.15782
  373.146   12.7278   355.563   11.7914
  587.661   13.7461   577.278   62.6799
  271.166    16.802   299.076   33.6208
  314.182    30.156   284.451    22.816
  100.515    29.865   70.8853   23.2152
  324.334   33.0559   339.231   24.1339
  102.623   47.3079   98.4074   30.2464
   299.25   31.8822   324.375   34.3763
  178.248   35.6561   174.088   52.1183
  187.273   50.8188   183.844   35.7458
  196.057   35.6145   196.422   50.6664
  71.6648   41.4398   103.384   49.6222
  307.428   41.9674   309.588   58.2624
 0.503345   47.6628    73.192   52.0022
  241.702   53.9002   262.084   58.4361
  576.444   63.0195   575.423   79.2838
  580.563   72.5307   638.165   74.3985
  569.429   82.1535    448.14   75.3542
  154.407    83.479    228.12   76.8228
  231.686   76.4122   282.988   88.6971
  375.602   77.3537   430.653    80.046
  448.071   79.1362   575.607   85.9598
  306.963   97.7633   238.324   81.0586
  175.681   85.0097   133.071   88.7572
  375.625   86.8715   356.792   88.1708
  263.097   103.986   399.406   108.426
  258.873   266.893   262.769   104.396
  271.728   131.911   268.081   116.886
  279.214   156.921   273.097   135.633
  291.327   198.288   279.401   158.117
  289.872   276.945   292.978   199.419
  294.378    202.55   514.379   201.599
  516.009   209.496   463.736   414.826
  509.373   211.234   295.625   210.604
  381.872   213.471    415.63   213.778
  414.186   228.197   367.986   221.599
  446.554   221.755   427.948   226.122
  369.292   224.891   398.102   229.519
  399.271   230.377   416.969   232.223
  420.577   231.596    480.63   232.889
   481.86   232.067   501.874   231.786
  294.378   234.606   391.877   233.239
  503.118   235.007   295.617   237.491
  426.827   251.028   443.142   252.982
  413.093   263.464   380.643   260.434
  379.405   262.849   404.377   265.607
  263.745   310.548   258.769    270.39
  287.631   304.626   289.753   277.097
   350.62    304.22    320.61   305.108
  283.941   377.063    287.84   308.322
  275.749   400.609   263.944   310.682
  420.666   324.641   405.637    326.95
  289.375   364.427   314.374   364.263
  315.649   366.198   298.128   366.944
  281.884   423.014   283.891   378.048
  413.097   379.281   394.541    384.92
  389.328   386.329   370.578   385.085
    280.6   424.654   274.985   398.968
  465.498   415.536   284.448   432.646
  454.887   417.342   463.033   435.666
  287.419   445.202   281.282   430.682
  460.072   435.783   455.841   454.424
  298.898   453.414   287.032   443.875
