   249.308   0.557926    248.282    20.6967
   360.871    70.6906    363.949   0.496701
   369.442   0.613876    368.796    69.3696
   372.232    63.1305    373.203   0.606801
   405.296   0.453359    372.181    63.8819
    376.09    63.3698    409.447 0.00462923
   482.332    60.4286    456.469    0.26229
    459.11   0.200354    485.875     62.306
   487.915    58.9306    462.831   0.216484
   511.591    50.5802    519.499   0.447331
   522.409   0.511359    514.453    50.6374
     574.9    49.2034    586.493   0.238604
   594.258   0.206378    579.671    47.8329
   589.551    35.6672    598.047   0.305921
    33.254    41.2134     15.044    6.52383
   492.618    6.75459     489.02     59.265
   278.112    10.4727    294.455    9.04867
   631.873    7.76279    613.738    70.4407
   21.6642    9.51072    37.4365    34.0136
   497.331    9.40149    496.313     26.915
   13.3664    10.4997    34.7449     51.683
   373.845    54.0959    396.776    10.5727
   36.0703    25.3442     27.733    12.1222
   596.743    15.7616    626.918     17.274
    151.55    44.4489    152.401    19.3929
   197.522    19.2853    212.654    26.5986
   247.175    29.8028    261.338    19.8596
   248.139    26.5715    215.654    25.0254
   215.643    29.1464    236.957    30.8547
   495.029    29.3653    494.681      50.63
   115.634    36.8737    118.671    58.0467
   584.172    53.0693    588.757    36.3624
   114.716     59.475    112.376    38.2075
   13.9958    59.7853    8.88678     39.498
    98.899     39.327    96.7417    60.7375
   109.175    58.1956    102.602    39.5595
   108.378    39.3345    111.393    58.2021
   158.812    39.2881     161.03    56.8238
   188.318    59.4914    186.112     39.459
   248.151     61.869    248.062    43.1253
   242.268    60.6091    241.613    44.3856
   244.976    44.3541    245.542    60.6279
   515.569    52.9256    577.017    50.5391
   70.2108    64.4606    67.1369    49.5791
   35.1915    51.1877    40.3282    66.5564
   43.1165    50.6266     45.852    65.5835
    209.81    50.6326    209.526    66.8995
   495.625      53.05    514.374    52.9487
   582.004    57.6823     558.19    56.6366
   303.858     55.615    303.567    70.6336
   613.156    57.9591    596.848    58.4287
   156.404    76.9121     154.92     58.082
   238.472    60.5921     237.56    85.6044
   484.369    62.8089    376.862    64.9486
   370.604    68.1714    489.405    66.1287
   241.592    88.1364    240.783    68.1186
   304.332    71.8768    358.105     70.044
   386.867    70.4291    370.593    71.0655
   613.096    73.2813    638.609     78.016
   358.119    72.9634    305.599    74.9252
   556.807    76.2712    588.085    72.7713
   608.128    75.6721    564.385    78.2843
   577.007    85.0091    556.861    80.6883
   159.244    81.5112    183.027    85.0353
   301.909    80.7901    273.084    86.6756
   639.043    89.8931    610.468    84.0392
   83.2404    93.8329    155.452    82.0618
   223.181    93.9948     158.12    84.4078
   583.063    89.5615    614.578    100.012
   226.891    97.2179    360.587    91.0472
   617.823    105.274    581.102    92.9245
   359.715    92.4176     501.86    160.757
   103.042    93.9021    65.8185    100.471
   236.152    255.759    225.343    96.8942
   65.6123    100.402    48.1686    101.393
   638.273     108.54    618.239    104.982
    277.49    155.072    298.732    178.703
   299.475    180.401    499.395    160.828
   478.037    172.235    444.368    175.556
   441.888    175.782    421.915    177.379
   499.449    175.452     496.98    192.258
   378.121    181.842    363.159    183.442
   444.063    185.656    414.404     193.24
   301.868    209.375    301.418    190.576
   496.795    192.905     467.27    371.734
   381.854    196.921    405.618    197.311
   490.217    210.554     492.83    195.574
   450.531    198.543    304.311    215.059
   304.318     211.35    394.348    201.629
   301.911    358.159    299.912      213.1
   486.473    234.309    489.943    213.218
   420.594    215.114    438.115    215.859
   483.065    253.114    486.105    236.965
   476.642    294.338    479.991    273.223
   414.347    277.402    430.617    278.276
   470.495    330.603     473.46    313.182
    465.33    363.076    469.868    335.707
   300.754     408.76    276.562    354.514
   303.095     406.88    303.198    359.372
   298.752    399.378    298.938    363.123
   466.956    369.705    305.895    409.225
   458.565     374.25    470.278     388.64
   313.962    422.294    300.809    409.186
