 201.211  19.3703  201.345 0.612329
 233.027 0.216019  235.857  16.8355
 355.078  38.2281  360.651 0.261846
 366.535 0.512253  363.877  38.0011
 367.755  31.9471  370.332 0.498538
 386.415 0.355365  368.856  30.3208
 371.412  32.3472  390.831        0
 468.592 0.470072  481.166  38.3603
 483.309  34.3147  472.087 0.144985
 489.344 0.449175  484.537  35.4757
 493.774 0.557201  490.805  26.8953
 507.239  27.9302  513.241 0.650448
  516.27 0.491318  510.125  28.2908
 569.948  29.5526   579.07 0.142618
 627.158 0.268294  606.755  55.5808
 31.9328  28.0928  17.5036  2.22156
 241.116  4.37343  241.172  21.8772
 243.342  24.3821  243.874  8.10861
 147.659  30.6529  146.607  13.0663
 231.334  24.2775  232.829  54.3275
 490.579  29.5654  569.408  32.0791
 235.938   49.375  235.938   29.375
   479.4   38.881  370.675  33.3835
 84.2738  42.0442  143.209  36.5251
 299.402  35.9716  346.897  37.3887
  366.83  36.5625  485.548  42.2315
 574.491  38.8304  551.843  37.3714
 163.083  38.2988  178.118  41.9047
 348.122  40.7066  299.388       39
 608.081  41.8937  588.109  41.5481
 411.897  41.5922  395.648  40.3297
 184.601  43.3178  199.457  46.4904
 230.608  56.9522  171.954  44.0188
 296.831  45.1704  280.613  46.7468
 65.6233   49.479  39.3599  49.0523
  549.37   57.751  596.878   57.107
 605.257   58.233   638.69  67.2872
 600.626  59.8952  556.876  59.9697
 571.836  68.2606  549.712  61.9453
 233.094  63.7431  363.141  65.8988
 556.982  61.4224  572.029  64.9722
 231.001  223.121  231.692  63.1296
 639.357  80.0263  601.692  69.3574
 574.242  73.4414  608.896  88.0141
 606.802  90.7931   570.34  75.0338
 609.468  87.7835  638.144  95.5549
 638.009  98.5759  607.758  90.8014
 258.248  94.2679    312.3  156.506
 311.873  158.073  501.935  149.437
  423.18  159.242  494.381  155.756
 495.642  158.516   373.16   163.92
 311.772  185.619  313.308  159.386
 380.635   160.95  413.143  159.942
 503.254  159.965  451.359  346.383
 366.871  164.239   335.61  165.067
 399.378  165.707  418.148  165.096
 422.039  165.623  451.696  169.498
 451.953  171.578  431.781  173.222
 409.283  177.586  381.917  174.051
 431.892  175.851  413.152   177.24
 383.107  177.021  409.274  180.208
 455.604  180.361    479.4  178.426
 396.924  181.566  379.462  178.822
 429.296  181.627  454.358  180.297
 490.628  180.671  314.378  191.918
 314.338  188.767  400.653  183.584
 401.858  183.364  421.873  183.026
 303.401  215.655  306.822  184.369
 300.846  311.784  311.362   193.08
 409.377  196.854   443.07   199.97
 435.757  204.406  414.353  202.082
 405.547  211.251  386.777  208.916
 426.869  208.087  406.947  211.102
 379.375  210.624  404.293  213.776
 410.661  213.404  425.576  211.491
 300.572  254.372   302.13  225.639
 294.512  320.638  300.512  255.499
 400.672  257.265  428.159  258.756
 416.839  261.901  391.861  262.627
 390.555  272.379  364.463  268.743
 416.927  268.435  399.503  271.381
 399.412  309.126  415.496  311.499
 295.123  373.297  300.288  313.203
 378.113  325.724  359.337   323.44
 291.254  354.443   293.69  331.936
 452.813  346.507  298.252  376.283
 440.722  350.486  453.411  362.791
  293.26  378.065  282.807  354.516
 307.956  392.724  293.599  375.925
