639.923 29.4778 547.445 2.42753
620.648 11.3788 639.227 16.9503
 199.45 27.4629 329.434 24.3061
204.045 155.701 197.773 25.5817
304.149 141.314  482.46 119.064
482.139 119.097 431.359 299.229
306.417 164.347 307.646 144.346
425.538  145.24 410.459 148.636
 290.04 314.333 301.796 149.369
 431.17 290.778 470.433 150.922
205.635 184.308 204.183 156.819
294.321 333.212 306.313 168.175
326.777 168.769  309.33 171.595
302.932  174.36 300.464 206.863
298.262 239.386 296.904 255.627
432.129 296.485 297.104 336.398
300.199 348.409 273.864 308.881
427.903 309.911 423.351 327.262
 316.66 351.271 301.655 346.287
