120.294       0 126.627 27.6112
462.942 2.35331 490.258 12.8317
632.796 24.8014 493.971       0
563.303       0 638.498   12.15
491.906 16.7902 463.352 6.26021
187.814 7.10305 173.043 11.6051
 490.61 13.2093  529.44 20.2676
24.1798 16.7612 39.3754 19.3724
529.324 23.4108 492.904 16.8545
0.46207 22.3511 19.1723 18.4121
577.728 34.6275 530.548 22.1655
63.0872 24.7969 41.7842 22.8898
547.993 23.6715 638.439 45.5785
91.8479 28.3685 66.8789 25.5901
638.471 49.2907 578.304 33.6842
178.096 72.9431 299.597 53.2421
299.775 53.6094 463.411  133.84
199.969 224.475 176.962  72.922
311.794 177.848 460.973 134.317
462.579 137.613 434.769 302.981
456.755 142.721 400.611 159.327
407.044 161.453 423.624 158.072
366.876  171.88 406.487 160.522
445.649 164.455   416.9 173.208
403.492 173.243 385.916 177.959
385.773  180.12 403.327 176.643
 327.98 198.912  374.38  184.39
394.357 189.213  416.99 186.634
 376.84 186.763 315.697 205.854
414.446 191.212 393.056 193.803
311.949 203.397 327.186 199.276
 399.72 202.135 383.191 205.913
388.052 207.856 405.622 203.115
307.673 326.878 306.852 210.625
293.189 340.142 203.675 232.024
389.329 240.262 410.713 237.575
408.125 241.877 389.344 244.113
379.339 285.359 400.706 282.479
381.762 305.366 398.162 298.209
 436.23 303.028 317.198 360.049
314.663 358.111 314.242 311.876
325.669   374.3 292.969 340.746
340.603 374.441 326.343 369.736
