570.505 11.6777 477.255 1.04071
36.9909  8.0859 42.1729 23.4462
434.361 8.22221 454.295 11.1644
587.876 11.0325 606.804 8.77993
468.211 18.8104 429.225 12.8597
 638.18 18.0828 595.544 16.2663
491.895 18.1065 469.381 17.7559
554.389 29.2797 491.925 20.2811
76.0357 22.5078  85.335 53.2128
586.913 27.5595 638.351 31.0509
556.948 25.2055 573.144 28.0183
638.247 44.9391 554.489 29.9867
182.658 89.8822 293.248 61.0982
292.101 62.4312 460.501 117.256
208.753 231.754 181.088 88.0358
185.596  91.934 344.347 170.661
187.786 105.686 190.923 123.071
343.507 171.065 467.047 118.999
467.015  117.99 447.433 279.291
193.986 138.204 197.248 154.299
455.362 188.093 460.236 148.078
197.659 156.964 200.983 174.306
341.657 293.131 338.523 173.115
341.525  174.38 341.921 203.124
446.799 259.366 454.932 190.691
343.172 223.125 343.625 279.371
357.325 352.887 214.551  240.07
447.249 278.696 351.273 341.613
446.661  289.28 446.135 304.349
342.769 334.391 340.979 294.359
378.274 352.211 355.761 348.543
