  585.838   11.9554   520.721 0.0951035
  33.1731   5.60537   43.3437   30.5358
  568.041    6.4771   638.225    13.359
  103.163   8.20648   88.4438   15.0596
   638.28   16.6076   586.801   11.3545
  170.704   63.4001   278.278   32.4077
   25.612    39.882  0.596362   39.2387
  200.429   212.908   169.775   64.0352
  355.421   136.454    465.12   83.4157
  465.815   85.4943   445.764   247.988
  181.689   105.663   187.054   131.838
  306.832   121.982   265.626   105.623
  416.921   115.798   434.816   111.032
  438.074   119.281   454.291   110.471
  446.639   215.596   459.684   110.663
   344.44    136.71   310.541   123.339
  423.369   124.994   407.172   131.378
  187.752   134.451   197.189   180.561
    410.4   142.109   430.786   137.602
  359.397   159.419   401.724   137.828
   351.25   143.123   351.306   158.127
  356.508    143.12   356.305   158.134
  349.048   309.376   348.716   144.374
  418.481   154.134   402.069   159.925
  351.189   165.622   351.791   263.126
  371.699   329.687   206.062   220.564
  443.404   245.651   444.822   230.667
  393.789   243.459   410.426   232.814
  445.867   248.048   357.493   315.188
  446.145   259.307   444.737   274.409
  352.188   264.375   352.188   291.875
  391.801   325.995   362.718   320.148
