638.144  23.023 571.646 10.6038
147.573 66.4442 252.448 31.0746
252.619 31.3481 272.317 36.4044
 272.69  36.221 400.463 66.3117
400.827 66.0261 440.932 75.5865
150.077 68.5525 366.125 139.094
180.399 221.652 147.204 69.0315
441.877  76.863 458.085 79.6094
459.331 77.9489 436.676 244.348
365.598 138.083 455.947 81.1364
435.272 116.367 447.801 107.658
 449.41 110.679 436.652 119.034
367.812 161.405 401.573 138.921
365.809 141.858 365.516 160.643
354.191 285.622 356.835 143.124
359.534 144.376 359.376 193.125
397.079 145.937 364.547 167.139
365.472  169.37 363.124 243.125
409.187 188.772 424.631 183.943
368.228 326.684 187.446 229.562
358.113 226.875 357.348 271.883
 405.34 232.246 419.617 227.621
364.115 270.327  396.09 242.408
435.964 244.696 361.498 317.765
 373.37 258.409 360.635 269.386
389.488 325.455 364.348 323.459
