 638.28 26.1395 510.922       0
211.841 25.2029 229.329 23.7979
229.714 25.2177 331.538 46.0245
118.872 61.3631 211.719 26.4606
330.585 45.8258 411.811 62.1932
412.044 62.2944 438.938 67.7721
121.493 63.2953 363.404 128.337
155.937 221.801 118.194 62.8118
439.392 67.9614 417.823 230.585
363.187 126.954 436.128 70.0198
124.022 73.2096 133.278 111.838
 181.77 83.4904 165.768 78.8781
433.385 79.6955 413.388 95.9489
316.701  120.02 201.951 89.0944
421.466 102.647 432.907 92.8698
 414.59 102.478 399.702 107.791
 364.22 150.436 395.793 124.581
363.023  130.57 362.206 150.689
 348.37 283.133 353.317 133.131
355.938 134.375 355.938 153.125
 380.81 140.841 366.706 152.928
355.938 154.375 355.938 179.375
 362.02 156.882 356.735 268.118
150.111 181.998 155.473 204.411
353.769 195.617 353.258 234.377
  406.6 215.597 405.062 230.695
361.807 314.532 163.826 229.003
417.204 230.893 355.467 306.746
351.863 259.375 351.759 276.874
386.863 311.609 360.727 312.823
