483.247 10.0402 402.854 4.69377
547.043 8.47319 530.581 10.2073
638.274   35.93 482.995 11.4514
584.331 12.6034 553.093 15.2431
583.122 20.6444 638.293 29.5921
155.197 91.0269 240.549 47.9737
241.818 48.5724 326.863 59.4675
359.347 63.3523 469.082 76.7719
469.833 76.6253 457.696 175.878
158.016 92.5173 420.563 137.239
190.709  246.56 154.748 93.9925
160.327 101.945 173.124 156.875
275.617  116.92 229.457   108.9
422.694 156.548 440.525 133.049
421.932 135.536 409.213 306.956
437.477 142.344 421.522  162.85
 407.74 204.353 411.177 144.335
451.576 150.167 436.481 160.021
173.872 159.494 193.056 240.641
455.157 175.898 454.114 193.185
450.447 192.918 438.103 205.603
455.524  192.95 450.482 231.856
445.187 242.892 409.196  310.53
423.751 318.986 197.888 252.198
