473.039 4.97304  638.05 28.6463
638.179 34.0267 479.351  9.5308
233.117 46.9623 283.151  51.597
308.137 54.2441 473.102 69.6237
474.826 70.4404 471.072 86.6896
154.192 94.5203 444.286  132.55
188.822 256.431 152.066 95.2963
 281.95 115.033 155.512 99.0152
156.828 102.239 196.812 107.369
 324.41 120.353 283.036 115.072
465.927 122.453 470.394 139.436
446.599 130.737 435.166 230.429
469.497 138.879 462.246 152.079
431.233 178.191 434.757 145.666
463.118 153.124 460.504 175.611
435.453  161.86  434.19 176.859
423.623 254.304 430.692 179.381
462.996 187.297 453.942 202.366
434.961  230.55  428.41 288.299
445.714 250.247  433.85 286.704
421.371 274.441 422.932 256.858
 423.21 313.266 197.122 262.034
191.891 281.858 192.127 264.345
430.906 286.386 425.886 309.157
454.447 312.031 420.586 312.954
