458.302       0 558.143 12.9929
558.155 13.3223 638.161 15.6305
 638.16 19.3644 573.106 17.5733
238.113 50.8495 459.277 62.4833
459.461 63.0157 456.626  93.219
457.454  92.523   467.9 103.342
455.915 95.7967 448.099 165.901
131.711 103.941 449.494 129.125
176.883 271.207 132.045 102.747
214.324  113.94 139.304 109.269
236.852 115.932 218.116 114.499
270.588 118.537 238.125 115.623
141.759 125.657 153.278 168.084
464.591 135.975 451.858  150.61
448.461 165.731 457.387 178.104
447.281 170.831 442.459 209.603
 157.74 184.478 163.387 205.555
457.217 186.147 446.107 200.009
442.982 207.216 452.711 223.374
163.961 208.238 169.402 228.118
441.854  214.52 431.209 304.444
440.606  312.01 175.259  274.46
455.696 306.117 439.423 308.458
