638.259 12.9691  533.21 7.68181
199.351 49.0173 463.108 56.2449
464.265 58.1478 470.918 90.3056
 144.31 105.563 155.306 94.0699
 471.66 96.6294 478.305 124.629
144.314 109.521 473.151 123.771
 183.85 282.646  142.02 110.286
166.867 113.584 148.123 113.248
215.619 115.901 170.613 114.887
477.766 125.349 447.738 300.559
151.108 130.508 186.278 275.466
455.263 200.568 466.161  131.96
469.093 133.082 466.591 149.331
466.476 150.557 461.778 178.108
  461.4 201.793 469.826 153.203
457.216  229.42 460.543 204.364
458.111 305.808 192.123 286.038
466.845 300.479 451.003  303.72
