 565.76 11.2683 529.365 3.16986
560.305 6.24368 575.714 14.2031
599.585  51.495 570.145 35.2443
577.355 35.9228 594.323 44.4774
595.568 43.9053 637.982 73.3306
638.175 78.0523 599.806 51.8226
183.131 68.2894 465.699 57.5918
465.157 57.2586 523.075 127.941
403.103 62.7169 371.878 64.4347
 155.45 145.565 182.207 67.4165
313.121 66.7285 293.103 67.2237
 159.39 144.698 519.406 127.515
522.652 127.703 515.956 155.068
198.207 325.606 156.047 145.234
 161.66 153.175 189.253 271.903
515.569 157.533 480.998 306.672
189.968 274.523 197.261 306.788
495.914 309.779 200.865 330.319
