537.349 11.0812 524.285  3.2762
535.709 24.1241  579.93 47.0551
571.576 46.2366 537.932 29.7703
583.241 56.1934 567.939 45.3702
579.228 49.4238 639.254 82.3137
170.711 75.6818 461.689 56.5427
460.994 55.2848 535.948 127.833
633.461 82.4696 581.714 55.9395
159.372 165.314 170.511 75.7664
639.039 92.2024 625.847 79.1382
163.045  160.97 533.135 128.242
535.976 127.539 528.879 153.558
528.263 154.754 487.072 305.679
200.615  345.35 160.372 163.877
168.202 180.611 171.168 196.775
 510.45 205.574 515.839 186.937
498.675 308.341 203.458 349.275
