519.057 36.3462 480.148 19.2085
488.515 19.6801 521.135 33.1395
518.509 32.0033 544.645 48.4343
 546.82 53.2243 518.863 37.8041
545.688 47.9854 578.347 62.6301
168.171 88.4864 449.664 52.9104
449.997 52.7525 541.947 118.522
581.083 68.4051 547.694 52.6397
577.483  63.339 601.532 77.4587
613.118 73.0199  638.17 71.2733
 638.13  74.429 611.752  76.686
638.431  106.34 592.253 79.9634
 611.74 81.4576 638.109  85.726
638.459  89.976 610.292 85.0175
607.593 85.3698 638.196 101.743
 210.59 86.4886   195.6 87.8502
224.926 361.233 167.629 88.9534
189.473 177.457  539.49 118.814
542.562 117.607 535.623 141.874
532.684 140.514 536.763 124.347
534.763 145.394 505.152 255.833
514.266 209.346 529.366 153.122
506.584 238.047 513.578 211.997
505.133 256.408 495.549 292.189
499.691 295.627 226.317 364.665
