 441.37 2.03732 481.589 16.4256
475.734 17.8044  443.18 6.71419
481.892 16.8422 505.184 28.9713
515.726 36.6444 474.677 18.6845
503.247 27.7895 539.291 40.8571
177.345 84.3667 444.765 33.9429
540.117 45.0064 516.821 35.7618
 538.39 41.4135 564.042  53.813
562.294 60.6227 539.213 45.2422
579.385 46.5712  620.63 47.9638
624.649 52.4821 638.414 46.2655
 610.61  49.955  574.35 50.7474
603.731 59.4297 624.692 54.4608
634.538 54.9937 602.306 63.5072
570.544  56.549 603.121 59.4202
601.864 62.7158 581.844 63.2736
638.057 92.0449 570.009 64.6545
579.455 65.4161 638.229 87.8514
182.388 100.057 177.535  85.009
229.021 167.931 548.478 89.5639
550.502  90.262 543.589 116.409
542.088 110.664 544.821 95.7065
226.838 167.402 185.341 97.7892
212.331  253.03 180.474  99.666
183.479 99.2994 190.962 134.303
543.658 116.365 505.614 263.122
523.957 179.267 539.111 120.557
249.264 304.597 226.824 167.087
514.725 214.469 523.474 181.969
502.796 260.538 513.715 219.532
255.571 344.587  249.21 305.449
258.216 354.992 245.302 327.617
