 76.7753 0.117182 0.518344  15.0815
 29.2814  12.4403  125.444        0
  145.37        0  32.8918  15.1454
  438.69  12.5555  393.754        0
 426.878  5.61704  464.314  18.3057
0.479843  18.6549  28.3588  13.0349
 32.1073  15.4776 0.420421  22.1541
  486.93  26.6686  444.732  15.5224
 566.901  26.9403   596.67  15.1081
 630.942  21.0482  610.652    17.95
 465.545  17.1051  514.475  34.0858
 416.272  23.3755  459.783  40.8593
 160.039  100.359  415.968  24.2789
 526.894  25.7826  548.135    23.21
  549.31  23.8181  568.128  25.5905
 564.321  27.1195   521.81  29.4086
 522.035  37.2571  565.854  32.9504
 587.259  58.1964  591.919  33.1332
 566.762  36.1263  530.578  41.5652
 560.175  56.9201  515.373  41.3491
 528.382  43.4727   593.12  61.8933
 490.344  52.6775  536.231  68.7179
 609.137  69.0518  560.698  56.5896
 625.677   70.164  609.493  68.3348
 536.574  67.7877  530.411  96.1223
 519.249  79.0391  494.465  88.3638
 481.786  92.9008  454.594  103.678
 530.476  96.6025  501.566  245.078
 510.122  183.028  525.956  100.689
 165.761  109.336  177.082  149.316
 238.017  180.704  168.791  109.946
 207.454  269.564  162.837  111.058
 275.934  365.056  238.542   180.54
 502.049  224.409  507.461  196.991
 503.938  246.073  275.462  370.532
 273.478  363.238  207.075  269.597
