580.234 2.26843 553.696 14.3774
589.174 31.2182  595.41 5.57282
466.642 7.57391 493.266 16.4533
535.044 21.9412  504.15 8.30396
553.109 13.7364 530.623 14.2857
494.207 16.0629 525.373 28.0245
535.801 17.5394 585.797 32.5517
583.156 36.7711 535.468 22.3966
523.794 27.1212 571.393 45.6156
290.014  161.65 571.436 45.0827
 571.09 43.8069 521.083 222.904
228.567 251.511 191.132 77.7465
539.814 141.997 554.427 89.3895
258.308 132.876 244.616 122.797
306.278 345.562 288.693 164.199
525.318 195.536 530.727 176.905
523.396  224.84 306.023 351.665
307.412 349.189 228.079 250.416
