  42.9755  0.257431   15.8888   11.2735
 0.530007   14.5905   159.319 0.0102129
  176.948   1.36117  0.568417   18.8028
  509.338   30.9491   520.987   3.46885
  306.493   7.00956   357.123   20.9775
  541.349   5.13037   539.477   21.3085
  354.662   24.5741     300.2   9.67698
  579.436   14.9312   564.343   16.5802
  613.696   17.6331   604.053   30.9517
  356.869   23.1474   416.001   39.2435
   417.45   43.5495   354.577   26.1453
  489.566   36.2955   510.213   30.4245
  539.413   36.6851    520.61   36.1941
  510.756   33.5478   491.878   39.3858
  444.383   38.7976   489.382    38.989
  570.698   43.5898   588.162   40.8595
  480.549   40.7401   442.966   43.2438
   509.41   41.3684   536.778   43.2717
  548.049   40.4484   533.133   46.8928
  595.324   44.2064   638.238   49.7527
  492.199   43.8388   473.362   52.3975
  428.267   50.2818   413.252   44.0675
  455.751   51.2673   484.617   45.6091
  528.052   46.2903   511.861   44.5027
  585.656   44.5744   565.562   47.7265
  638.396   53.8158   585.582   45.9104
  434.596   46.7988    454.46   50.1152
  367.918   49.9883   386.851   47.9106
  502.139    68.174   506.163   46.5106
  450.891   57.3427   426.932   49.2083
  558.338   54.1755   582.124   49.3561
  142.693   132.859   366.936   50.7928
  473.039   52.2804   449.282   54.7132
  584.483   52.4486   559.654   57.1094
  453.192   56.6389   501.931   70.4284
  528.911   81.1056   450.441   60.0595
  255.407   220.207   505.708   89.5347
  575.675   89.1382   611.902   96.7446
  608.053   99.6992   570.464   91.3495
  505.252   92.2129   497.503   116.618
  495.486   99.0982    462.03   115.932
  561.059   116.786   604.316   130.808
  498.342   117.329   467.329    255.04
  616.996   138.999   558.276   120.153
  185.437    316.92   142.083   134.921
  260.007    252.02   257.662   221.911
  262.669   278.247   260.876   253.107
  470.967   254.817   277.203   404.431
