 82.8653  111.431  315.102        0
 338.373        0  439.263  26.0519
 449.511  14.9733   384.23  1.31742
 394.408 0.458977  445.604  10.7286
 471.799  17.5116  450.552  14.9862
 519.435  22.6646   555.56  27.3725
  554.35  30.7997  516.894  25.4885
 216.156  187.674  451.823  31.1792
 452.685  32.4417  449.346  52.9164
 508.327  52.2773  551.976  62.7006
  570.59  70.7725  507.187  55.5746
 449.004  56.5225  441.712  115.912
 601.792  78.4735  575.546  72.2057
 621.986  82.6116  605.684  79.0999
  441.59  116.542  431.423  201.672
 195.532  174.545  214.681  185.067
 257.648  352.936   217.59  188.895
  433.32  199.762  265.779  359.537
 153.844  284.079  135.032  238.369
