 460.432  43.0827  469.804 0.444616
 493.794 0.801327   489.16  18.3976
 557.327 0.409045  542.664  54.5886
 230.826  1.42557  251.215  10.5571
 176.978   7.3488  136.443  16.1305
 115.525  17.7065  150.604  9.28716
  260.39  27.1084  242.958   9.5404
 538.713  31.7436  543.151  9.38009
 135.921  17.2904  79.2426  27.3813
0.455187  31.6233  114.583  18.7176
 255.409  20.1907  394.025  56.9436
 489.332  19.1035  486.651  44.2177
 78.2207  26.4973 0.422774  35.0315
 308.053  38.4297  259.628  27.0469
 444.433  43.2703  459.077  37.3835
 367.968  55.0152  307.002  40.1038
 430.848  57.2001  444.463  44.4694
 404.255   47.849  430.637   45.772
 450.744  45.7571  435.651  59.4037
 454.784  77.8469   458.77  47.8783
 546.936   48.911  561.842  50.8767
 565.545  51.2405  583.074  53.5146
 426.753   52.087  403.036  54.8663
 396.832  65.7516  367.982  56.0517
 401.712  60.5743  431.866  56.8025
 435.708  61.0166  405.475  67.4148
 349.265  67.3455  365.716  65.0143
 410.632   71.862  397.285  64.6883
 365.077  67.0718  421.525  84.2744
 141.518  165.062  350.745  68.5958
 418.154       68   447.07  74.7959
 556.328  88.0326  559.512   69.187
 638.143  76.3414  608.134  75.3412
 443.151  81.7842  422.989  76.1088
 472.913  99.9003  456.768  93.3911
 276.993  248.296  486.184  104.507
 485.859  102.919  458.664  237.237
 623.181  151.912  638.158  129.397
  468.83  170.512  476.013  135.705
 638.455  139.578  628.814  155.281
 465.187  188.032  468.347  173.172
 147.879  178.187  155.003  206.718
 191.483  195.037  276.376  245.219
 458.733   237.71  453.944  259.555
     457  258.233  429.764  289.712
 429.497  289.448  287.775   425.26
 287.143   420.56  180.294  332.016
