0.576453  13.9984  114.211        0
 140.613 0.526388 0.449766  17.9667
 318.023  11.0208  286.305  2.83519
 530.398 0.219516  525.174  19.2512
 579.327  17.5303  582.988    1.843
 346.926  10.4006  418.204   26.525
 421.768   37.296  329.495  13.9002
 477.929  25.2936  500.089  12.2165
 528.288  19.9788  500.989  17.6362
 442.867  25.8238  460.531  21.4912
 487.189  23.4659  469.613  39.6336
 606.811  24.9149  623.128  26.8498
 418.113  28.1747   433.12  31.8966
 464.595  36.0129  478.759  27.9957
 469.377  29.5414  444.365   29.861
 493.658  49.2313   497.85  28.3205
 439.392  36.0545  458.212  35.3065
 471.106  38.0555  444.418  43.3411
 224.579  141.028  422.062  40.9943
  538.08  72.0397  479.572  56.1502
 558.286  76.1924  538.503  71.5241
 558.936   77.892  515.734  236.337
 551.834   89.322  528.408  107.245
 255.719   301.44   228.99  141.939
 241.239  146.968  280.215  167.647
 278.572  166.255  299.098  175.023
 521.257  232.481  375.013  385.039
 370.828  384.377  254.023  300.146
