0.332351  10.6563  45.4332        0
 59.2351 0.070986 0.445973   14.916
 155.331  12.0471  201.556        0
 484.448  25.6384  489.116 0.120297
 512.994  0.61059  510.381  24.3482
 541.298  14.7495  532.053 0.509142
 573.472 0.393294  565.406  31.8188
 279.272  20.7478  260.265   4.8046
 270.489  9.00096   287.61  20.1647
 182.726  8.07629  124.125  26.0592
 99.8261  27.5157   145.56  16.6027
 285.385  16.8423  420.057  43.4201
 509.561  26.0654  488.015  21.1023
 464.796  30.0057  482.956  17.8728
 324.198  28.0435  278.248  21.0672
 123.408  25.8871 0.301536  48.8942
0.367427  45.5228  99.3362  26.6712
 407.428  46.6698  321.912  29.1944
 600.826   28.556  620.846  33.4759
 473.062  29.3227  458.346  47.0584
 478.725  58.0277  483.016  29.3587
 454.771  43.4762  465.379  31.5156
 585.595   35.844   569.31  33.6004
 455.622   36.847  431.745  39.4099
 428.091  46.6804   454.63  42.0996
 458.661  46.5858  431.578  53.1496
  461.93  62.8853  432.982  56.2494
 554.735  87.9717  462.498  64.3212
 451.462  197.723  560.267  90.2948
 560.717  89.0832  528.189  218.141
 268.599  329.299  243.024  169.191
 245.247  171.458  339.466  214.174
 247.848  178.169   260.81  259.345
 415.081   233.83  450.759  198.255
 341.879  215.617  363.095  225.687
 528.104  218.443  521.335  244.559
 374.525  230.303  404.442  244.231
 406.151  250.667  404.179  275.609
 403.037  288.119  400.243  328.098
 391.931   409.85  267.527  329.614
 399.585  333.142  395.486  384.364
