 192.831  2.38551  346.069  27.9678
 387.812  11.3012  405.502  1.64938
 83.1949  3.32663  58.1697  12.0039
 250.483  15.5333  200.317  9.38769
 504.313   13.568  475.603   9.5316
 523.775  8.81865  535.159   18.664
 589.513  29.4051  593.744   10.057
 57.0735  12.5712  25.5359  21.5623
 366.873  14.4161  388.196  15.5743
 279.525  22.3338  243.162  15.4301
 380.583  19.1148  357.871  22.8114
 24.4541  21.0134 0.672641  25.8588
 330.784  29.6517   280.49  21.4523
 404.555  39.3836  404.486  20.6153
 354.599  30.3155  383.214  23.4986
 391.777  22.9759  376.711  32.8762
 574.412  24.6283  539.341  25.5014
 381.885  43.0827   330.94  30.5915
 369.308  36.0396   399.33  40.9008
 492.817  65.8894  382.074  43.3948
 197.959  164.962  343.122  55.2175
 496.644  72.5457  470.596  195.354
 230.925  320.825  197.577  162.451
 201.688  166.174  294.473  197.839
 470.559  195.612  466.794  215.371
 298.106  199.434  374.724   224.56
 375.316  231.927  367.992  364.437
 363.715   384.36  227.939  321.023
