  497.91   33.101  501.554 0.449674
 506.358 0.482788  503.635  34.3155
 370.348  135.497  429.586  6.97207
 428.984  10.3424  416.594  137.092
 152.467  141.054  264.528  18.1544
 468.092  29.9561  484.361  30.8696
 503.203  35.7776  456.833  32.4612
 417.598  138.031  408.971  186.224
 157.756  141.404  352.901  176.857
 206.812  300.231  153.481  139.676
 353.602  179.355  354.943  295.633
 407.729  186.318  356.937  336.492
 354.895   295.62  354.796  334.379
 352.898  339.009  205.788  301.239
