224.497 10.5249 157.886 4.52759
287.652 12.4254 307.242 3.97589
564.161 7.22639 546.757 11.3785
311.043  6.6976  284.87 16.8948
239.483 8.54719 269.462 12.4576
242.031 11.7021 225.568 9.89772
273.266  18.722 241.858 11.9537
533.748 17.8746 511.577 11.6957
509.057 14.1869 532.912 21.3357
566.913 15.0403 534.305  16.879
315.511 24.0017 276.925 18.9922
285.648 17.8629 316.877 20.5996
456.841 35.9247 320.519 20.3015
533.102 20.6672 565.638 20.0472
320.411 21.4482 308.141 36.8874
394.364 24.4946 426.827 27.4091
507.903 61.8593 510.565 24.2822
515.021 24.3512 513.542 61.8914
618.176 35.2923 601.925 32.7979
416.262 152.108 458.538 36.5686
458.029 40.4018 436.047 172.988
206.916 156.706 295.684 50.6742
476.912 57.8014 505.577 61.0476
513.119 64.4417 458.141 59.2092
 419.41 150.638 410.578 174.358
209.372 156.892 401.585 193.402
237.264 312.812 207.396 156.536
211.833 161.883 233.208 273.109
436.425 173.309 429.057 205.263
409.683 176.986 404.345 191.864
403.195 192.984 389.298 309.515
428.844 205.467 396.564  313.91
381.668 352.654 236.916 314.221
393.646 313.438 385.844 340.326
