 218.26 10.9822 166.493  3.1494
224.349  9.6421  260.62 13.1764
402.963 25.9186 266.643 11.5841
454.367 10.1933 488.126 10.5251
 259.31 16.3229 218.183  12.497
263.813 13.6028 248.397 35.8137
444.535 49.3773 444.461 14.3748
 449.81 14.3657 449.411 49.3754
377.117 125.687 402.736  26.452
638.117 32.4389 580.611 31.5956
160.777 155.389 239.278 46.8051
413.155 47.7604 434.366 49.4809
449.414 53.9149 405.658 50.2344
400.056 51.7873 393.702 93.0212
393.886 92.9094 386.541 152.144
376.436 138.018 365.276 183.987
165.401 154.677 362.938 183.173
386.406 152.883 380.585 194.193
197.671  316.43 162.331 154.004
364.866 180.546 363.288 195.771
363.176 196.637 355.361 276.971
378.009 205.601 366.417 262.038
358.142 276.353 351.556  323.43
346.604 343.381  197.38 316.563
 351.99 322.614 349.285 341.862
