430.958 3.08412 435.891 43.2458
194.401 10.2754 172.991 8.68286
431.182 43.3465 427.148 7.95142
233.117 15.7151 196.718  12.294
204.369 10.7454 244.394 12.7362
294.506 15.4097 261.821  12.481
262.092 12.6792 241.424 50.3779
 518.15 14.2081 501.885 11.8093
398.098 22.2557 295.579 15.0262
323.091 13.6715 339.356 14.6767
389.816 104.428 399.747 21.7695
403.129 41.8051 424.375 43.1199
435.653 46.2786 403.107 44.7664
180.109 160.468 235.752 59.4452
183.045 160.204 382.999 179.434
215.055 315.751 180.702 160.056
185.821 166.832 204.979 254.243
371.646 268.101 374.948 236.936
205.586 256.883  212.25 288.045
213.759 293.248 217.226 310.555
365.576 336.021 216.766 317.767
367.969 335.334  364.29 353.107
