  413.52  5.25301  398.705  11.9157
 172.345   24.387  172.075  6.85266
 401.861  13.4448  369.405  13.9212
 381.833  20.2717  414.319  16.4025
 139.992  23.6146  169.013  14.4761
  170.68  19.6286  146.957  24.7559
 385.012  58.2983  374.366  20.6276
  378.97  21.9947  389.274  56.9047
 153.998  34.8794  171.959  25.7908
 171.535  31.1457  153.117   40.609
 10.7141  34.1688  48.0743  36.4537
 48.1194   35.398  135.624  35.2183
 139.356  35.4231  154.342  34.0209
 79.3598  40.4995 0.590442  39.4369
 364.373  39.7598  236.864  39.1742
 125.622   40.703  79.4436  38.8833
 161.959  42.8532  125.681  40.8563
 236.058  38.2463  226.975  70.6531
 181.856  43.6379  163.086   44.119
 376.353  65.5204  391.496  170.859
 189.815  192.886  220.739  88.1585
 391.555  171.715  394.618  189.548
 395.493  187.302  376.526  348.084
 194.356  191.367  391.874  193.205
 221.842  347.629  190.427  191.412
 386.882  231.876  388.522  214.412
 379.263  294.361  384.749  250.672
 210.234  271.949   215.87  301.829
  375.31   329.34  378.622   299.43
 374.366  349.555  223.122  348.629
 375.229  353.107  374.208  375.617
