 400.844  0.33496  395.822  18.1805
 193.223  16.0409   173.06  13.6787
 254.435  9.48781  238.161  10.2001
  295.78  16.4586  274.673   8.5768
 322.227  11.3299  296.704  15.9274
 564.318  14.7173  586.809  13.3128
 586.723  12.1395  605.291  22.7758
 604.125  27.2722   587.98  17.1051
 156.583  35.6459  155.418  19.3898
 232.115  21.3578  213.334  27.5121
 394.624  23.4143   369.08  27.5512
 368.953  28.0804  351.746  25.1246
 121.836  35.5024  150.492  26.4539
 364.309  32.4364  393.152  29.6579
 608.131  51.8741   604.51  27.9156
 609.081  28.9909   612.36  47.8228
 154.284  31.1958  136.764  33.5493
 135.714  47.0694   157.07  37.3023
0.608795  45.7908  121.885   46.528
 609.335  48.8219  638.205   46.733
 349.361  50.7359   241.86  49.6417
 33.1642  50.5352 0.582372  49.5818
 106.875  49.5758  34.3728  49.6461
 211.893  49.5576  229.344  47.8158
 126.867  51.1317  106.868  51.2079
 141.726  53.8383  125.656  50.4784
 242.503  49.4514   237.36  91.7821
 638.143  50.8732  609.361  52.9335
 233.168  51.2036  201.906  53.5443
 163.125  54.3773  141.888   53.845
 221.057  199.435  236.487  88.4186
 224.373  195.806  416.879  195.481
 419.705  196.695  390.556  345.612
 238.294  349.357  222.068  199.489
  225.43  200.646  228.688  230.564
 409.433  231.886  414.529  205.655
 405.252  253.052  408.904  234.283
 399.182  283.084   404.94  255.744
 235.348  291.904  237.063  308.105
  391.55  323.066  395.617  300.624
 388.189  348.423  239.374   351.84
 388.809  350.589  389.598  365.613
