 293.407  10.7524  324.384  4.42085
 77.2872  30.8773  71.9353  13.1068
 295.526  26.9311  287.481  12.7807
 292.279  12.8946  301.426  28.9179
 40.6378  31.9059  62.9309  22.6572
 56.8458  44.3253   77.173  32.3822
 278.191  31.5029    184.5  38.5421
 79.6191  35.9948  60.8124  48.4089
 182.958  36.8892  187.012  84.4698
  43.246  44.9931  58.1637  42.0726
0.592371  46.8773  39.4139  45.8621
 58.2313  49.7271  31.8486  51.4778
 75.5477  51.6772  58.0503  50.3922
  31.903  52.0371 0.577266  51.2318
 194.748  195.795  186.254  89.3248
  196.75  190.829  388.115  168.043
 390.934  168.013  373.397  315.657
 385.294  188.101  386.542  170.601
 375.118  271.814  384.712  191.915
 224.583  341.583  195.248    195.2
 371.391   304.32  374.776   274.42
 370.975  318.916  222.695  344.367
