 73.7585  19.1095  67.8505  5.01397
 37.6527   21.858  66.1677  11.2278
  69.019  14.4818  44.4546  22.1307
 300.575  17.2097  315.598  16.3866
 278.167  19.8366  198.154  27.1956
 78.4427   23.528  59.4225  38.5211
 126.883   31.916  158.106  25.5314
 159.534  29.0923  113.301  36.6942
 196.573  27.9247  206.662  75.6699
 39.9158  36.5886  64.3722  30.6134
0.593253  38.5851  38.0829  37.0783
 78.1132  40.1864  0.60212  42.2765
 59.3778  38.3936  76.8759  38.2079
 353.077  45.6551  420.401  153.422
 208.652  100.764  201.671  64.4142
 221.644  159.702  208.694  101.051
 228.272  181.671  414.531  155.485
 419.219  154.143  394.672  303.174
 226.236  179.248   222.29  160.279
  395.07  279.283  414.768   160.69
 235.787  242.043  225.853  177.896
 237.707   258.18  235.713   242.95
 248.988  331.746  237.834  257.105
 391.582  301.829  394.726   281.93
 393.341  305.451  248.656  334.551
