 75.3464        0  89.2017  31.9482
   19.35  12.1631  4.13932  10.8454
 151.829   13.807  181.733  11.3769
 324.382   13.213  343.111  11.7024
 118.035  18.5563  102.662   15.334
 133.373  21.3467  151.683  15.0658
  181.85  14.5896  196.791  16.3443
 286.742  15.0822  260.828  21.4493
 270.595   23.023  299.431   14.566
 345.624   14.344  329.389   14.845
 43.2149  17.1775  11.7698  26.5209
  186.92  17.3756  160.615  15.7969
 159.561  17.6549    128.3    25.11
  50.851  37.8944  48.3428   21.841
 51.9605  22.4226  59.5766   38.618
 65.0673  39.1522  60.4708    24.87
 270.632  26.7554  289.127  47.1001
 285.125  48.5764  266.194  27.6113
 85.6324   39.633  66.8263  40.1705
 103.248  48.4219  120.396  41.3228
 263.238  54.9703  335.745  41.2588
 336.549  40.9368  458.694  168.776
 125.709   42.073  100.949  52.6336
 80.8065  50.7495  65.5768  52.7602
 250.578  57.8528  209.487  65.0172
 28.1607  69.4573  46.6799  61.4252
 49.0024  63.5882   26.756  74.1238
 148.439  68.0271  98.4044  81.6512
 208.428   66.733  244.269  143.175
 107.026  76.1894  138.063  67.8939
 44.5927  82.5002  58.1413  71.8958
 63.0545  70.5562  49.4684  84.4662
 234.369  203.126  208.581  70.2939
 26.9202  87.0409  44.1617  82.3422
 48.1401  89.5824  25.6681  91.2172
0.470186   92.177  24.3986  88.2693
 26.6961  93.0102 0.406257  96.4562
 459.035  169.115  434.728  317.978
 380.635  190.663  454.502  171.104
  432.49  315.725  455.085  176.991
  278.31  216.362  379.469  191.002
  244.01  229.957    233.7  201.318
  292.88  324.561  279.488  216.706
 289.804  345.456  244.373  230.133
 435.483  318.951  298.697  364.856
 296.964  360.751  293.142  325.623
 296.684  363.198  290.087  345.829
