 25.1426  3.35388  35.4393  25.0562
  150.32  14.7508  138.509  5.15287
 60.8954  7.47819  76.1809  32.3024
  413.06  6.67837  393.179  13.2871
 22.0273  8.93919 0.140253   13.034
 147.799  10.5044  164.465  15.3143
  287.06  14.5828  275.729  24.6491
 166.876  18.1209  151.658   15.801
0.532931   19.061  21.8228  21.1552
 149.357  23.1803  171.905  23.4966
 99.5402  30.3207  81.8303  20.7073
 129.784   28.782  148.478  24.7715
 260.841  32.5916  290.763   23.583
 275.509  25.1445  253.107  30.5485
 173.148  27.8494  146.885  27.4496
 54.4955  43.0839  49.3871  28.1209
  75.321  28.3378  77.5513  44.6247
 117.976  33.7676   134.75  29.6548
 30.6746  29.5213  7.09404  37.5207
 146.883  29.4036  120.846  36.4425
 282.165  60.3729  258.565  37.6681
 263.529  37.6942   287.44  60.1063
 251.885  69.4203  345.896  49.3952
 345.393  49.6394  484.031  171.193
 80.8348  53.7186  60.6996  60.8361
 93.2428  60.9218  112.012  53.4691
  113.32  56.1296  87.1099  66.2344
 73.2847  62.8347  55.8512  65.7349
 49.6679  80.1187  38.3007  65.4885
 243.012  72.3261   223.23  75.1208
  221.58  77.0599  258.244   135.55
 14.4112  86.9376  31.3195   77.164
 36.4644   78.591  18.6214  87.9361
  93.073  90.4287  131.755  80.1721
 139.768  80.8292  87.0682   95.089
 54.6737  84.6389  42.9914  97.8614
 244.235    209.4  222.296  85.5505
 24.4096  100.703  47.3639   90.472
0.341624  105.278  17.9526  102.153
 39.2213  102.311  12.2123  107.411
 484.399  170.378  454.819  316.965
  439.44  185.836   479.49  173.497
 420.481   191.37  436.831   186.72
 314.899  222.444  402.014  197.356
 460.293  273.058  474.883  200.476
  249.71  225.085  244.294  208.561
 323.924  364.402  315.424  224.311
 322.962  365.709  250.696  224.311
 456.796  290.609  459.718  275.692
 455.582  318.014    325.1  368.005
