 37.3933        0  44.8546  22.1304
  86.914  13.3034  105.591  9.21908
 253.207  8.46867  226.956  14.7159
 235.629  16.8911  265.779  8.69304
 117.083  10.3361  88.3262  16.5551
 158.087  12.1674  140.718  9.90842
 19.9343   34.438  18.4335  17.9829
 236.761  20.7436  260.325  43.4364
 255.457  44.5442  232.247  21.5003
 46.8926  31.9291  28.4706  37.9351
 228.343  51.8267  322.174  34.7699
 321.889  34.5017  458.243  156.886
 78.0307  37.8715  62.1222  43.7895
 7.74798  44.6735  19.3837  59.3681
 215.594  54.1874  198.151  57.0366
 196.385  58.4392  230.623  111.876
 60.5873  70.4544  94.3475  63.0005
 218.353  195.381  196.519  63.1838
0.365492  75.2611  13.9692  65.5586
 101.911  64.5339   59.314  74.1033
 458.919  156.775  427.086  301.647
  424.91  299.493  455.204  162.058
 293.208  204.682  359.357  186.808
 227.362  215.954  218.253  194.859
 297.922  348.083  292.301  206.808
 295.886   346.74  228.398  216.088
